0 2.440244e-09
1 1.806934e-09
2 1.308845e-09
3 9.345634e-10
4 6.671393e-10
5 4.802373e-10
6 3.493969e-10
7 2.569835e-10
8 1.901238e-10
9 1.403888e-10
10 1.024975e-10
11 7.337751e-11
12 5.113666e-11
13 3.452303e-11
14 2.252306e-11
15 1.419907e-11
16 8.682366e-12
17 5.180015e-12
18 3.037108e-12
19 1.768094e-12
20 1.033641e-12
21 4.097057e-09
22 3.086651e-09
23 2.269897e-09
24 1.631302e-09
25 1.158723e-09
26 8.260986e-10
27 5.942251e-10
28 4.324446e-10
29 3.181814e-10
30 2.352723e-10
31 1.733353e-10
32 1.260858e-10
33 8.975489e-11
34 6.212030e-11
35 4.159949e-11
36 2.690308e-11
37 1.681956e-11
38 1.020299e-11
39 6.043477e-12
40 3.526690e-12
41 2.051956e-12
42 4.714905e-09
43 3.570812e-09
44 2.640098e-09
45 1.905453e-09
46 1.354240e-09
47 9.630547e-10
48 6.905484e-10
49 5.006408e-10
50 3.672492e-10
51 2.712425e-10
52 2.001015e-10
53 1.460460e-10
54 1.045265e-10
55 7.283118e-11
56 4.916062e-11
57 3.205514e-11
58 2.019625e-11
59 1.233201e-11
60 7.338226e-12
61 4.292683e-12
62 2.497328e-12
63 5.058128e-09
64 3.840082e-09
65 2.846536e-09
66 2.058518e-09
67 1.463397e-09
68 1.039637e-09
69 7.443895e-10
70 5.387474e-10
71 3.946636e-10
72 2.913275e-10
73 2.149918e-10
74 1.571457e-10
75 1.127360e-10
76 7.880294e-11
77 5.338065e-11
78 3.493440e-11
79 2.208638e-11
80 1.352558e-11
81 8.065283e-12
82 4.723800e-12
83 2.748250e-12
84 5.289201e-09
85 4.021228e-09
86 2.985176e-09
87 2.161057e-09
88 1.536959e-09
89 1.091112e-09
90 7.806294e-10
91 5.643552e-10
92 4.131258e-10
93 3.048378e-10
94 2.249941e-10
95 1.645936e-10
96 1.182643e-10
97 8.281158e-11
98 5.621159e-11
99 3.686611e-11
100 2.335634e-11
101 1.432836e-11
102 8.554562e-12
103 5.014182e-12
104 2.917310e-12
105 5.462188e-09
106 4.157069e-09
107 3.088925e-09
108 2.238083e-09
109 1.591897e-09
110 1.129802e-09
111 8.077693e-10
112 5.836323e-10
113 4.269609e-10
114 3.149186e-10
115 2.325393e-10
116 1.702070e-10
117 1.224153e-10
118 8.583442e-11
119 5.834684e-11
120 3.832028e-11
121 2.431084e-11
122 1.493047e-11
123 8.922135e-12
124 5.231257e-12
125 3.043756e-12
126 5.602309e-09
127 4.266715e-09
128 3.172881e-09
129 2.300393e-09
130 1.636475e-09
131 1.160947e-09
132 8.297984e-10
133 5.991395e-10
134 4.381749e-10
135 3.231666e-10
136 2.386024e-10
137 1.747349e-10
138 1.257694e-10
139 8.827785e-11
140 6.006635e-11
141 3.949474e-11
142 2.508296e-11
143 1.541759e-11
144 9.219809e-12
145 5.407911e-12
146 3.146485e-12
147 5.724249e-09
148 4.363680e-09
149 3.247388e-09
150 2.355602e-09
151 1.675862e-09
152 1.188530e-09
153 8.490306e-10
154 6.129002e-10
155 4.479395e-10
156 3.303246e-10
157 2.439651e-10
158 1.787402e-10
159 1.287123e-10
160 9.041275e-11
161 6.157555e-11
162 4.052873e-11
163 2.575797e-11
164 1.584513e-11
165 9.479044e-12
166 5.561669e-12
167 3.236159e-12
168 5.842842e-09
169 4.455222e-09
170 3.317516e-09
171 2.407698e-09
172 1.712688e-09
173 1.214536e-09
174 8.674349e-10
175 6.257596e-10
176 4.572091e-10
177 3.371404e-10
178 2.490242e-10
179 1.824704e-10
180 1.314946e-10
181 9.241720e-11
182 6.299918e-11
183 4.149814e-11
184 2.639829e-11
185 1.624770e-11
186 9.724969e-12
187 5.707451e-12
188 3.321356e-12
189 5.976136e-09
190 4.559897e-09
191 3.398231e-09
192 2.467657e-09
193 1.755678e-09
194 1.244564e-09
195 8.885233e-10
196 6.406588e-10
197 4.679421e-10
198 3.450590e-10
199 2.548490e-10
200 1.868673e-10
201 1.347450e-10
202 9.477885e-11
203 6.467009e-11
204 4.263474e-11
205 2.714168e-11
206 1.671890e-11
207 1.001210e-11
208 5.877455e-12
209 3.419868e-12
210 8.348424e-09
211 6.442670e-09
212 4.858269e-09
213 3.569022e-09
214 2.550800e-09
215 1.800715e-09
216 1.277869e-09
217 9.139718e-10
218 6.625259e-10
219 4.859595e-10
220 3.589949e-10
221 2.645364e-10
222 1.926090e-10
223 1.373314e-10
224 9.521151e-11
225 6.383223e-11
226 4.129742e-11
227 2.579674e-11
228 1.561477e-11
229 9.223923e-12
230 5.375472e-12
231 1.054199e-08
232 8.214981e-09
233 6.250858e-09
234 4.642610e-09
235 3.349126e-09
236 2.365719e-09
237 1.671103e-09
238 1.188740e-09
239 8.550983e-10
240 6.234033e-10
241 4.588992e-10
242 3.384410e-10
243 2.476920e-10
244 1.781957e-10
245 1.249653e-10
246 8.495198e-11
247 5.577697e-11
248 3.533179e-11
249 2.163944e-11
250 1.289831e-11
251 7.551435e-12
252 1.184136e-08
253 9.273318e-09
254 7.087026e-09
255 5.287773e-09
256 3.832506e-09
257 2.711726e-09
258 1.911841e-09
259 1.356758e-09
260 9.723169e-10
261 7.066665e-10
262 5.192616e-10
263 3.829408e-10
264 2.807784e-10
265 2.026734e-10
266 1.428818e-10
267 9.774309e-11
268 6.459448e-11
269 4.118207e-11
270 2.536633e-11
271 1.518635e-11
272 8.915484e-12
273 1.272227e-08
274 9.992273e-09
275 7.654509e-09
276 5.726629e-09
277 4.161694e-09
278 2.946734e-09
279 2.075880e-09
280 1.471187e-09
281 1.052373e-09
282 7.636205e-10
283 5.602407e-10
284 4.131977e-10
285 3.032273e-10
286 2.193197e-10
287 1.550662e-10
288 1.064143e-10
289 7.058673e-11
290 4.515872e-11
291 2.790364e-11
292 1.674628e-11
293 9.845360e-12
294 1.338428e-08
295 1.053096e-08
296 8.079990e-09
297 6.056182e-09
298 4.407975e-09
299 3.123149e-09
300 2.198688e-09
301 1.556857e-09
302 1.112208e-09
303 8.059957e-10
304 5.910547e-10
305 4.357928e-10
306 3.200556e-10
307 2.318474e-10
308 1.641951e-10
309 1.129276e-10
310 7.507574e-11
311 4.814291e-11
312 2.980551e-11
313 1.791651e-11
314 1.054293e-11
315 1.392006e-08
316 1.096807e-08
317 8.425049e-09
318 6.322339e-09
319 4.607922e-09
320 3.266024e-09
321 2.298237e-09
322 1.626510e-09
323 1.160952e-09
324 8.405760e-10
325 6.160817e-10
326 4.541992e-10
327 3.337002e-10
328 2.419185e-10
329 1.715533e-10
330 1.182069e-10
331 7.872686e-11
332 5.056592e-11
333 3.134918e-11
334 1.886747e-11
335 1.110869e-11
336 1.438652e-08
337 1.134810e-08
338 8.725700e-09
339 6.554623e-09
340 4.781860e-09
341 3.391214e-09
342 2.385318e-09
343 1.687510e-09
344 1.203146e-09
345 8.706849e-10
346 6.376844e-10
347 4.702399e-10
348 3.456383e-10
349 2.507639e-10
350 1.780131e-10
351 1.228179e-10
352 8.190203e-11
353 5.267416e-11
354 3.269708e-11
355 1.969382e-11
356 1.160283e-11
357 1.483048e-08
358 1.170993e-08
359 9.011579e-09
360 6.776016e-09
361 4.947789e-09
362 3.509396e-09
363 2.467968e-09
364 1.744907e-09
365 1.243408e-09
366 8.992010e-10
367 6.584930e-10
368 4.853828e-10
369 3.569454e-10
370 2.591633e-10
371 1.841573e-10
372 1.271802e-10
373 8.491785e-11
374 5.468338e-11
375 3.396739e-11
376 2.047584e-11
377 1.207129e-11
378 1.534589e-08
379 1.213068e-08
380 9.344472e-09
381 7.032916e-09
382 5.140751e-09
383 3.647347e-09
384 2.563867e-09
385 1.812256e-09
386 1.290507e-09
387 9.325262e-10
388 6.825630e-10
389 5.031487e-10
390 3.700231e-10
391 2.689326e-10
392 1.912666e-10
393 1.322448e-10
394 8.841761e-11
395 5.701171e-11
396 3.546322e-11
397 2.139448e-11
398 1.261752e-11
399 1.429395e-08
400 1.131855e-08
401 8.721423e-09
402 6.570255e-09
403 4.817985e-09
404 3.430536e-09
405 2.411359e-09
406 1.705055e-09
407 1.213335e-09
408 8.754417e-10
409 6.392800e-10
410 4.703224e-10
411 3.454590e-10
412 2.508608e-10
413 1.785093e-10
414 1.235958e-10
415 8.280552e-11
416 5.354412e-11
417 3.341318e-11
418 2.022444e-11
419 1.195862e-11
420 1.679286e-08
421 1.342314e-08
422 1.041833e-08
423 7.900241e-09
424 5.841711e-09
425 4.189819e-09
426 2.943828e-09
427 2.074216e-09
428 1.469814e-09
429 1.053869e-09
430 7.659563e-10
431 5.618974e-10
432 4.128649e-10
433 3.008262e-10
434 2.154049e-10
435 1.503686e-10
436 1.017745e-10
437 6.651531e-11
438 4.193974e-11
439 2.560761e-11
440 1.524254e-11
441 1.853582e-08
442 1.490085e-08
443 1.161329e-08
444 8.839669e-09
445 6.567328e-09
446 4.728997e-09
447 3.325183e-09
448 2.337834e-09
449 1.653438e-09
450 1.181519e-09
451 8.561858e-10
452 6.270160e-10
453 4.605832e-10
454 3.361436e-10
455 2.414780e-10
456 1.693581e-10
457 1.152307e-10
458 7.573091e-11
459 4.804562e-11
460 2.947660e-11
461 1.761277e-11
462 1.984854e-08
463 1.601304e-08
464 1.251397e-08
465 9.549412e-09
466 7.113210e-09
467 5.136100e-09
468 3.613145e-09
469 2.537695e-09
470 1.792041e-09
471 1.277959e-09
472 9.242130e-10
473 6.760075e-10
474 4.966841e-10
475 3.627944e-10
476 2.610901e-10
477 1.836478e-10
478 1.253662e-10
479 8.270809e-11
480 5.261607e-11
481 3.239881e-11
482 1.940595e-11
483 2.091783e-08
484 1.691862e-08
485 1.324698e-08
486 1.012483e-08
487 7.556641e-09
488 5.466928e-09
489 3.846658e-09
490 2.700017e-09
491 1.904595e-09
492 1.356069e-09
493 9.796228e-10
494 7.159780e-10
495 5.257676e-10
496 3.843834e-10
497 2.770947e-10
498 1.952630e-10
499 1.336072e-10
500 8.834921e-11
501 5.634974e-11
502 3.477095e-11
503 2.086108e-11
504 2.184817e-08
505 1.770861e-08
506 1.388691e-08
507 1.062748e-08
508 7.944523e-09
509 5.753912e-09
510 4.050519e-09
511 2.840810e-09
512 2.002968e-09
513 1.424275e-09
514 1.027808e-09
515 7.506586e-10
516 5.512451e-10
517 4.032780e-10
518 2.910132e-10
519 2.053844e-10
520 1.407808e-10
521 9.328284e-11
522 5.960550e-11
523 3.683954e-11
524 2.212966e-11
525 2.272686e-08
526 1.845232e-08
527 1.448945e-08
528 1.110179e-08
529 8.310702e-09
530 6.026913e-09
531 4.243016e-09
532 2.974957e-09
533 2.095799e-09
534 1.489060e-09
535 1.073481e-09
536 7.834847e-10
537 5.754253e-10
538 4.210870e-10
539 3.041650e-10
540 2.149778e-10
541 1.476086e-10
542 9.794696e-11
543 6.270200e-11
544 3.880130e-11
545 2.333027e-11
546 2.375717e-08
547 1.932598e-08
548 1.519756e-08
549 1.165725e-08
550 8.739171e-09
551 6.346911e-09
552 4.469703e-09
553 3.131418e-09
554 2.204462e-09
555 1.564569e-09
556 1.126932e-09
557 8.220769e-10
558 6.035757e-10
559 4.419854e-10
560 3.195802e-10
561 2.261914e-10
562 1.555451e-10
563 1.034158e-10
564 6.629587e-11
565 4.109535e-11
566 2.473644e-11
567 2.047126e-08
568 1.660010e-08
569 1.302075e-08
570 9.959776e-09
571 7.443264e-09
572 5.402166e-09
573 3.810803e-09
574 2.672461e-09
575 1.885971e-09
576 1.340742e-09
577 9.669721e-10
578 7.054199e-10
579 5.173510e-10
580 3.779618e-10
581 2.724218e-10
582 1.921073e-10
583 1.317071e-10
584 8.729406e-11
585 5.583724e-11
586 3.455247e-11
587 2.078988e-11
588 2.320888e-08
589 1.899556e-08
590 1.500673e-08
591 1.154200e-08
592 8.676296e-09
593 6.341871e-09
594 4.494219e-09
595 3.144931e-09
596 2.214227e-09
597 1.566695e-09
598 1.124444e-09
599 8.169978e-10
600 5.979855e-10
601 4.371056e-10
602 3.160812e-10
603 2.241239e-10
604 1.547249e-10
605 1.034005e-10
606 6.674185e-11
607 4.163606e-11
608 2.522455e-11
609 2.530160e-08
610 2.083680e-08
611 1.653892e-08
612 1.276327e-08
613 9.632103e-09
614 7.071236e-09
615 5.026632e-09
616 3.514577e-09
617 2.470241e-09
618 1.743631e-09
619 1.247192e-09
620 9.037620e-10
621 6.606388e-10
622 4.829984e-10
623 3.498640e-10
624 2.489151e-10
625 1.725693e-10
626 1.158826e-10
627 7.517705e-11
628 4.715612e-11
629 2.869646e-11
630 2.701194e-08
631 2.233442e-08
632 1.778800e-08
633 1.376077e-08
634 1.040928e-08
635 7.665534e-09
636 5.460515e-09
637 3.816443e-09
638 2.678934e-09
639 1.887560e-09
640 1.347410e-09
641 9.746477e-10
642 7.115790e-10
643 5.203327e-10
644 3.773950e-10
645 2.690821e-10
646 1.871084e-10
647 1.261051e-10
648 8.208308e-11
649 5.166036e-11
650 3.152904e-11
651 2.849998e-08
652 2.364315e-08
653 1.887589e-08
654 1.463229e-08
655 1.108883e-08
656 8.184452e-09
657 5.839741e-09
658 4.079963e-09
659 2.861452e-09
660 2.013416e-09
661 1.434910e-09
662 1.036377e-09
663 7.561134e-10
664 5.530426e-10
665 4.015066e-10
666 2.866924e-10
667 1.997636e-10
668 1.350038e-10
669 8.809147e-11
670 5.558394e-11
671 3.399580e-11
672 2.990470e-08
673 2.487964e-08
674 1.990536e-08
675 1.545520e-08
676 1.173171e-08
677 8.676547e-09
678 6.197804e-09
679 4.329143e-09
680 3.033560e-09
681 2.132391e-09
682 1.517490e-09
683 1.094828e-09
684 7.983395e-10
685 5.838288e-10
686 4.241801e-10
687 3.034064e-10
688 2.117934e-10
689 1.434135e-10
690 9.379342e-11
691 5.929965e-11
692 3.633390e-11
693 3.155580e-08
694 2.632962e-08
695 2.111014e-08
696 1.641757e-08
697 1.248372e-08
698 9.248824e-09
699 6.617861e-09
700 4.620432e-09
701 3.235652e-09
702 2.271602e-09
703 1.614189e-09
704 1.163082e-09
705 8.475677e-10
706 6.198819e-10
707 4.507998e-10
708 3.228856e-10
709 2.258379e-10
710 1.532662e-10
711 1.004869e-10
712 6.365759e-11
713 3.907800e-11
714 2.693765e-08
715 2.233144e-08
716 1.782987e-08
717 1.381720e-08
718 1.046056e-08
719 7.719387e-09
720 5.517405e-09
721 3.859022e-09
722 2.706833e-09
723 1.906438e-09
724 1.358600e-09
725 9.809842e-10
726 7.151697e-10
727 5.223866e-10
728 3.788288e-10
729 2.701695e-10
730 1.881013e-10
731 1.270404e-10
732 8.292553e-11
733 5.232089e-11
734 3.202877e-11
735 2.991701e-08
736 2.502167e-08
737 2.012560e-08
738 1.568208e-08
739 1.193034e-08
740 8.854650e-09
741 6.367790e-09
742 4.459814e-09
743 3.119749e-09
744 2.192245e-09
745 1.554480e-09
746 1.117622e-09
747 8.122450e-10
748 5.926750e-10
749 4.301995e-10
750 3.079244e-10
751 2.154984e-10
752 1.464522e-10
753 9.628404e-11
754 6.123752e-11
755 3.774286e-11
756 3.236649e-08
757 2.724587e-08
758 2.202565e-08
759 1.722947e-08
760 1.314911e-08
761 9.798455e-09
762 7.075642e-09
763 4.962050e-09
764 3.464799e-09
765 2.430831e-09
766 1.718032e-09
767 1.231456e-09
768 8.928766e-10
769 6.510664e-10
770 4.729169e-10
771 3.392142e-10
772 2.382121e-10
773 1.626184e-10
774 1.074261e-10
775 6.864725e-11
776 4.252554e-11
777 3.450497e-08
778 2.918188e-08
779 2.368665e-08
780 1.858307e-08
781 1.421564e-08
782 1.062328e-08
783 7.695272e-09
784 5.400872e-09
785 3.767129e-09
786 2.639640e-09
787 1.861270e-09
788 1.331323e-09
789 9.635312e-10
790 7.021316e-10
791 5.103368e-10
792 3.665859e-10
793 2.580459e-10
794 1.767584e-10
795 1.171679e-10
796 7.516626e-11
797 4.669548e-11
798 3.653747e-08
799 3.102417e-08
800 2.526225e-08
801 1.986604e-08
802 1.522867e-08
803 1.140880e-08
804 8.283258e-09
805 5.818945e-09
806 4.053845e-09
807 2.838232e-09
808 1.997311e-09
809 1.425883e-09
810 1.030898e-09
811 7.506022e-10
812 5.457296e-10
813 3.926258e-10
814 2.769486e-10
815 1.901498e-10
816 1.264155e-10
817 8.130318e-11
818 5.065432e-11
819 3.890947e-08
820 3.317657e-08
821 2.710639e-08
822 2.136673e-08
823 1.640964e-08
824 1.232223e-08
825 8.969603e-09
826 6.305154e-09
827 4.388696e-09
828 3.069543e-09
829 2.155962e-09
830 1.536301e-09
831 1.109087e-09
832 8.070136e-10
833 5.871472e-10
834 4.229683e-10
835 2.989384e-10
836 2.057836e-10
837 1.372036e-10
838 8.850158e-11
839 5.527906e-11
840 3.379400e-08
841 2.860192e-08
842 2.324366e-08
843 1.825166e-08
844 1.396986e-08
845 1.044200e-08
846 7.575416e-09
847 5.328798e-09
848 3.715419e-09
849 2.604656e-09
850 1.835456e-09
851 1.311835e-09
852 9.485693e-10
853 6.902675e-10
854 5.012320e-10
855 3.599571e-10
856 2.533704e-10
857 1.735461e-10
858 1.151618e-10
859 7.394319e-11
860 4.601931e-11
861 3.708720e-08
862 3.166208e-08
863 2.592525e-08
864 2.048037e-08
865 1.574367e-08
866 1.182549e-08
867 8.631132e-09
868 6.096076e-09
869 4.243754e-09
870 2.969246e-09
871 2.084153e-09
872 1.483117e-09
873 1.068136e-09
874 7.756263e-10
875 5.630329e-10
876 4.050498e-10
877 2.861666e-10
878 1.970676e-10
879 1.315907e-10
880 8.507383e-11
881 5.331673e-11
882 3.998889e-08
883 3.436025e-08
884 2.829821e-08
885 2.245451e-08
886 1.731944e-08
887 1.305377e-08
888 9.570408e-09
889 6.779613e-09
890 4.715832e-09
891 3.294292e-09
892 2.306529e-09
893 1.635997e-09
894 1.174895e-09
895 8.514958e-10
896 6.179927e-10
897 4.451404e-10
898 3.152457e-10
899 2.179387e-10
900 1.461771e-10
901 9.499545e-11
902 5.979958e-11
903 4.273823e-08
904 3.691937e-08
905 3.054932e-08
906 2.432858e-08
907 1.881633e-08
908 1.422330e-08
909 1.046174e-08
910 7.430670e-09
911 5.164242e-09
912 3.603610e-09
913 2.517801e-09
914 1.781135e-09
915 1.276385e-09
916 9.236330e-10
917 6.700455e-10
918 4.831312e-10
919 3.429498e-10
920 2.377610e-10
921 1.600522e-10
922 1.043679e-10
923 6.596533e-11
924 4.595787e-08
925 3.991439e-08
926 3.318457e-08
927 2.652132e-08
928 2.056368e-08
929 1.558586e-08
930 1.150341e-08
931 8.189003e-09
932 5.688208e-09
933 3.964837e-09
934 2.764482e-09
935 1.950754e-09
936 1.394408e-09
937 1.007561e-09
938 7.309819e-10
939 5.275476e-10
940 3.752056e-10
941 2.608933e-10
942 1.762080e-10
943 1.153274e-10
944 7.317489e-11
945 4.126765e-08
946 3.561862e-08
947 2.946729e-08
948 2.347412e-08
949 1.815602e-08
950 1.371612e-08
951 1.008849e-08
952 7.176197e-09
953 4.993931e-09
954 3.484070e-09
955 2.436429e-09
956 1.723327e-09
957 1.234066e-09
958 8.926656e-10
959 6.469070e-10
960 4.659480e-10
961 3.304461e-10
962 2.289559e-10
963 1.540453e-10
964 1.004612e-10
965 6.352893e-11
966 4.504282e-08
967 3.921328e-08
968 3.270579e-08
969 2.623222e-08
970 2.038598e-08
971 1.546707e-08
972 1.144091e-08
973 8.183897e-09
974 5.700430e-09
975 3.967137e-09
976 2.768122e-09
977 1.948608e-09
978 1.389340e-09
979 1.001345e-09
980 7.247222e-10
981 5.222540e-10
982 3.712316e-10
983 2.583455e-10
984 1.747866e-10
985 1.147421e-10
986 7.302222e-11
987 4.865196e-08
988 4.265460e-08
989 3.580975e-08
990 2.887350e-08
991 2.252876e-08
992 1.715295e-08
993 1.274075e-08
994 9.155182e-09
995 6.381605e-09
996 4.433354e-09
997 3.087780e-09
998 2.165628e-09
999 1.538727e-09
1000 1.106093e-09
1001 7.993896e-10
1002 5.762140e-10
1003 4.104423e-10
1004 2.865050e-10
1005 1.946873e-10
1006 1.283998e-10
1007 8.215062e-11
1008 5.286919e-08
1009 4.666949e-08
1010 3.942812e-08
1011 3.195351e-08
1012 2.502764e-08
1013 1.911760e-08
1014 1.425867e-08
1015 1.028801e-08
1016 7.177787e-09
1017 4.978143e-09
1018 3.461740e-09
1019 2.419389e-09
1020 1.713584e-09
1021 1.228351e-09
1022 8.866826e-10
1023 6.393507e-10
1024 4.561925e-10
1025 3.194605e-10
1026 2.179255e-10
1027 1.443760e-10
1028 9.284095e-11
1029 4.980109e-08
1030 4.382704e-08
1031 3.694643e-08
1032 2.990481e-08
1033 2.340533e-08
1034 1.785640e-08
1035 1.329710e-08
1036 9.590107e-09
1037 6.704408e-09
1038 4.651249e-09
1039 3.238903e-09
1040 2.265826e-09
1041 1.606025e-09
1042 1.151411e-09
1043 8.306396e-10
1044 5.982068e-10
1045 4.261148e-10
1046 2.978639e-10
1047 2.028514e-10
1048 1.342215e-10
1049 8.616952e-11
1050 5.444919e-08
1051 4.835550e-08
1052 4.112972e-08
1053 3.355533e-08
1054 2.641842e-08
1055 2.024920e-08
1056 1.515608e-08
1057 1.100339e-08
1058 7.720909e-09
1059 5.345945e-09
1060 3.715967e-09
1061 2.587703e-09
1062 1.825258e-09
1063 1.302559e-09
1064 9.368365e-10
1065 6.740332e-10
1066 4.808253e-10
1067 3.371747e-10
1068 2.307793e-10
1069 1.535970e-10
1070 9.931205e-11
1071 5.990394e-08
1072 5.366592e-08
1073 4.603757e-08
1074 3.783992e-08
1075 2.996129e-08
1076 2.306409e-08
1077 1.734716e-08
1078 1.266896e-08
1079 8.921240e-09
1080 6.167808e-09
1081 4.279547e-09
1082 2.968142e-09
1083 2.084467e-09
1084 1.481005e-09
1085 1.062179e-09
1086 7.635000e-10
1087 5.451702e-10
1088 3.834559e-10
1089 2.636289e-10
1090 1.764494e-10
1091 1.148048e-10
1092 6.036336e-08
1093 5.422561e-08
1094 4.667047e-08
1095 3.849618e-08
1096 3.057688e-08
1097 2.358827e-08
1098 1.776840e-08
1099 1.301204e-08
1100 9.200215e-09
1101 6.365561e-09
1102 4.412468e-09
1103 3.058821e-09
1104 2.143072e-09
1105 1.518762e-09
1106 1.086467e-09
1107 7.794829e-10
1108 5.561895e-10
1109 3.911231e-10
1110 2.691713e-10
1111 1.805198e-10
1112 1.177368e-10
1113 6.746938e-08
1114 6.129881e-08
1115 5.337665e-08
1116 4.451005e-08
1117 3.567016e-08
1118 2.769666e-08
1119 2.099064e-08
1120 1.549274e-08
1121 1.103830e-08
1122 7.643105e-09
1123 5.282178e-09
1124 3.649254e-09
1125 2.539589e-09
1126 1.787622e-09
1127 1.271974e-09
1128 9.096298e-10
1129 6.486067e-10
1130 4.572122e-10
1131 3.161532e-10
1132 2.134136e-10
1133 1.403569e-10
1134 7.718243e-08
1135 7.121341e-08
1136 6.304446e-08
1137 5.344762e-08
1138 4.346597e-08
1139 3.412486e-08
1140 2.608743e-08
1141 1.945589e-08
1142 1.404835e-08
1143 9.797830e-09
1144 6.743553e-09
1145 4.646559e-09
1146 3.202487e-09
1147 2.231725e-09
1148 1.571805e-09
1149 1.115042e-09
1150 7.918821e-10
1151 5.583291e-10
1152 3.876034e-10
1153 2.636490e-10
1154 1.751194e-10
