0 2.455256e-09
1 1.819707e-09
2 1.319583e-09
3 9.436586e-10
4 6.750534e-10
5 4.873040e-10
6 3.558246e-10
7 2.628308e-10
8 1.954253e-10
9 1.450826e-10
10 1.065044e-10
11 7.662961e-11
12 5.363335e-11
13 3.631486e-11
14 2.371622e-11
15 1.492601e-11
16 9.075333e-12
17 5.369518e-12
18 3.118556e-12
19 1.793683e-12
20 1.029848e-12
21 4.119136e-09
22 3.105546e-09
23 2.286196e-09
24 1.644930e-09
25 1.170270e-09
26 8.361920e-10
27 6.032402e-10
28 4.406388e-10
29 3.256358e-10
30 2.420198e-10
31 1.792861e-10
32 1.311038e-10
33 9.379567e-11
34 6.516957e-11
35 4.375920e-11
36 2.831051e-11
37 1.764936e-11
38 1.064667e-11
39 6.263205e-12
40 3.624281e-12
41 2.080227e-12
42 4.739357e-09
43 3.592177e-09
44 2.658294e-09
45 1.920688e-09
46 1.367078e-09
47 9.741698e-10
48 7.004607e-10
49 5.096124e-10
50 3.754313e-10
51 2.786821e-10
52 2.066715e-10
53 1.516498e-10
54 1.090773e-10
55 7.632928e-11
56 5.166288e-11
57 3.372551e-11
58 2.120857e-11
59 1.288603e-11
60 7.623320e-12
61 4.426721e-12
62 2.544145e-12
63 5.083851e-09
64 3.862672e-09
65 2.865891e-09
66 2.074646e-09
67 1.477003e-09
68 1.051312e-09
69 7.547750e-10
70 5.481496e-10
71 4.032533e-10
72 2.991447e-10
73 2.219156e-10
74 1.630869e-10
75 1.175879e-10
76 8.254781e-11
77 5.608865e-11
78 3.674954e-11
79 2.319674e-11
80 1.414161e-11
81 8.387103e-12
82 4.877828e-12
83 2.805166e-12
84 5.315772e-09
85 4.044597e-09
86 3.004987e-09
87 2.177777e-09
88 1.551016e-09
89 1.103203e-09
90 7.913395e-10
91 5.740629e-10
92 4.219751e-10
93 3.128394e-10
94 2.321877e-10
95 1.707530e-10
96 1.233153e-10
97 8.673138e-11
98 5.905433e-11
99 3.878202e-11
100 2.453356e-11
101 1.498720e-11
102 8.899552e-12
103 5.181624e-12
104 2.981191e-12
105 5.489403e-09
106 4.181055e-09
107 3.109429e-09
108 2.255256e-09
109 1.606279e-09
110 1.142190e-09
111 8.187186e-10
112 5.935166e-10
113 4.360034e-10
114 3.231834e-10
115 2.398369e-10
116 1.764979e-10
117 1.275954e-10
118 8.985566e-11
119 6.128636e-11
120 4.030777e-11
121 2.553828e-11
122 1.562014e-11
123 9.286079e-12
124 5.409693e-12
125 3.113050e-12
126 5.630029e-09
127 4.291183e-09
128 3.193886e-09
129 2.317928e-09
130 1.651176e-09
131 1.173562e-09
132 8.409518e-10
133 6.092614e-10
134 4.473496e-10
135 3.315064e-10
136 2.461083e-10
137 1.811999e-10
138 1.310717e-10
139 9.238929e-11
140 6.308013e-11
141 4.154281e-11
142 2.635098e-11
143 1.613350e-11
144 9.599064e-12
145 5.594949e-12
146 3.220117e-12
147 5.754316e-09
148 4.388583e-09
149 3.268714e-09
150 2.373470e-09
151 1.690827e-09
152 1.201338e-09
153 8.603604e-10
154 6.230685e-10
155 4.573276e-10
156 3.388623e-10
157 2.515686e-10
158 1.852524e-10
159 1.341284e-10
160 9.462957e-11
161 6.467227e-11
162 4.262643e-11
163 2.705988e-11
164 1.658309e-11
165 9.871478e-12
166 5.755572e-12
167 3.313289e-12
168 5.871470e-09
169 4.480748e-09
170 3.339301e-09
171 2.425869e-09
172 1.727873e-09
173 1.227563e-09
174 8.789060e-10
175 6.361770e-10
176 4.666928e-10
177 3.457940e-10
178 2.567452e-10
179 1.891769e-10
180 1.370217e-10
181 9.673869e-11
182 6.616607e-11
183 4.365233e-11
184 2.773701e-11
185 1.700639e-11
186 1.012967e-11
187 5.908603e-12
188 3.401730e-12
189 6.005301e-09
190 4.585724e-09
191 3.420330e-09
192 2.486051e-09
193 1.771170e-09
194 1.257806e-09
195 9.002161e-10
196 6.512985e-10
197 4.776246e-10
198 3.537920e-10
199 2.627429e-10
200 1.936835e-10
201 1.403729e-10
202 9.916725e-11
203 6.789593e-11
204 4.484380e-11
205 2.852153e-11
206 1.750229e-11
207 1.043030e-11
208 6.087037e-12
209 3.504423e-12
210 8.385111e-09
211 6.475849e-09
212 4.887300e-09
213 3.593425e-09
214 2.571028e-09
215 1.817698e-09
216 1.292641e-09
217 9.270861e-10
218 6.745840e-10
219 4.969853e-10
220 3.688847e-10
221 2.733553e-10
222 2.000743e-10
223 1.433114e-10
224 9.973552e-11
225 6.707326e-11
226 4.341475e-11
227 2.706331e-11
228 1.632516e-11
229 9.606084e-12
230 5.553277e-12
231 1.058443e-08
232 8.253912e-09
233 6.285224e-09
234 4.672017e-09
235 3.373564e-09
236 2.386068e-09
237 1.688557e-09
238 1.204168e-09
239 8.690166e-10
240 6.361382e-10
241 4.705254e-10
242 3.488363e-10
243 2.566614e-10
244 1.855146e-10
245 1.306480e-10
246 8.909946e-11
247 5.860005e-11
248 3.709107e-11
249 2.267600e-11
250 1.347604e-11
251 7.843177e-12
252 1.188696e-08
253 9.315483e-09
254 7.124594e-09
255 5.320023e-09
256 3.859377e-09
257 2.733894e-09
258 1.930866e-09
259 1.373608e-09
260 9.873960e-10
261 7.204992e-10
262 5.317754e-10
263 3.941650e-10
264 2.905408e-10
265 2.107841e-10
266 1.492310e-10
267 1.024142e-10
268 6.784414e-11
269 4.323186e-11
270 2.659589e-11
271 1.588856e-11
272 9.279245e-12
273 1.277000e-08
274 1.003660e-08
275 7.694198e-09
276 5.760785e-09
277 4.189988e-09
278 2.970336e-09
279 2.095936e-09
280 1.488828e-09
281 1.068163e-09
282 7.781218e-10
283 5.735727e-10
284 4.250504e-10
285 3.135729e-10
286 2.279302e-10
287 1.618466e-10
288 1.114576e-10
289 7.409081e-11
290 4.741230e-11
291 2.926713e-11
292 1.753250e-11
293 1.026056e-11
294 1.343368e-08
295 1.057698e-08
296 8.121265e-09
297 6.091822e-09
298 4.438125e-09
299 3.147821e-09
300 2.219573e-09
301 1.575095e-09
302 1.128592e-09
303 8.211420e-10
304 6.047981e-10
305 4.481606e-10
306 3.308316e-10
307 2.407956e-10
308 1.712833e-10
309 1.182113e-10
310 7.878259e-11
311 5.053932e-11
312 3.127193e-11
313 1.876486e-11
314 1.099428e-11
315 1.397056e-08
316 1.101546e-08
317 8.467623e-09
318 6.359129e-09
319 4.638738e-09
320 3.291459e-09
321 2.319760e-09
322 1.645366e-09
323 1.177829e-09
324 8.559443e-10
325 6.302067e-10
326 4.668980e-10
327 3.448078e-10
328 2.512261e-10
329 1.789226e-10
330 1.237405e-10
331 8.260285e-11
332 5.309299e-11
333 3.289749e-11
334 1.976796e-11
335 1.159301e-11
336 1.443837e-08
337 1.139664e-08
338 8.769400e-09
339 6.592505e-09
340 4.813515e-09
341 3.417386e-09
342 2.407245e-09
343 1.706755e-09
344 1.220492e-09
345 8.864726e-10
346 6.521976e-10
347 4.831949e-10
348 3.569846e-10
349 2.603033e-10
350 1.856246e-10
351 1.285030e-10
352 8.591434e-11
353 5.530681e-11
354 3.430901e-11
355 2.063984e-11
356 1.211292e-11
357 1.488343e-08
358 1.175956e-08
359 9.056294e-09
360 6.814857e-09
361 4.980304e-09
362 3.536263e-09
363 2.490559e-09
364 1.764694e-09
365 1.261099e-09
366 9.153691e-10
367 6.732152e-10
368 4.987684e-10
369 3.686291e-10
370 2.689943e-10
371 1.919790e-10
372 1.330748e-10
373 8.907830e-11
374 5.739833e-11
375 3.565855e-11
376 2.146429e-11
377 1.260501e-11
378 1.540006e-08
379 1.218159e-08
380 9.390544e-09
381 7.072902e-09
382 5.174192e-09
383 3.674960e-09
384 2.587114e-09
385 1.832568e-09
386 1.308711e-09
387 9.491059e-10
388 6.976907e-10
389 5.168803e-10
390 3.820754e-10
391 2.790270e-10
392 1.993746e-10
393 1.383506e-10
394 9.274787e-11
395 5.985703e-11
396 3.722640e-11
397 2.243031e-11
398 1.318093e-11
399 1.434421e-08
400 1.136573e-08
401 8.763958e-09
402 6.607325e-09
403 4.849201e-09
404 3.456336e-09
405 2.433153e-09
406 1.724058e-09
407 1.230302e-09
408 8.907098e-10
409 6.533564e-10
410 4.831054e-10
411 3.565819e-10
412 2.602087e-10
413 1.859524e-10
414 1.292132e-10
415 8.680160e-11
416 5.618314e-11
417 3.508012e-11
418 2.120141e-11
419 1.249525e-11
420 1.684837e-08
421 1.347522e-08
422 1.046593e-08
423 7.942129e-09
424 5.877228e-09
425 4.218954e-09
426 2.968465e-09
427 2.095545e-09
428 1.488632e-09
429 1.071101e-09
430 7.815959e-10
431 5.760370e-10
432 4.253440e-10
433 3.113697e-10
434 2.239307e-10
435 1.569494e-10
436 1.065376e-10
437 6.974848e-11
438 4.402060e-11
439 2.688214e-11
440 1.596532e-11
441 1.859367e-08
442 1.495617e-08
443 1.166420e-08
444 8.884733e-09
445 6.605851e-09
446 4.760609e-09
447 3.351804e-09
448 2.360819e-09
449 1.673551e-09
450 1.199890e-09
451 8.728636e-10
452 6.421266e-10
453 4.739275e-10
454 3.475873e-10
455 2.507622e-10
456 1.765458e-10
457 1.205099e-10
458 7.938477e-11
459 5.041258e-11
460 3.094718e-11
461 1.846610e-11
462 1.990871e-08
463 1.607313e-08
464 1.256734e-08
465 9.596918e-09
466 7.153751e-09
467 5.170012e-09
468 3.641289e-09
469 2.561652e-09
470 1.813340e-09
471 1.297197e-09
472 9.417563e-10
473 6.919679e-10
474 5.106672e-10
475 3.748527e-10
476 2.709748e-10
477 1.913682e-10
478 1.310664e-10
479 8.665301e-11
480 5.523939e-11
481 3.403232e-11
482 2.035998e-11
483 2.097996e-08
484 1.697854e-08
485 1.330242e-08
486 1.017430e-08
487 7.599089e-09
488 5.502354e-09
489 3.876211e-09
490 2.724848e-09
491 1.926786e-09
492 1.375976e-09
493 9.977104e-10
494 7.323751e-10
495 5.404999e-10
496 3.969787e-10
497 2.873672e-10
498 2.033315e-10
499 1.396081e-10
500 9.254215e-11
501 5.915293e-11
502 3.652638e-11
503 2.189769e-11
504 2.191200e-08
505 1.776908e-08
506 1.394424e-08
507 1.067876e-08
508 7.988516e-09
509 5.790657e-09
510 4.081024e-09
511 2.866765e-09
512 2.025824e-09
513 1.444808e-09
514 1.046594e-09
515 7.676658e-10
516 5.663981e-10
517 4.162927e-10
518 3.016899e-10
519 2.138372e-10
520 1.470766e-10
521 9.770730e-11
522 6.255739e-11
523 3.870453e-11
524 2.323549e-11
525 2.279053e-08
526 1.851563e-08
527 1.454841e-08
528 1.115465e-08
529 8.356227e-09
530 6.065672e-09
531 4.274366e-09
532 3.001618e-09
533 2.119352e-09
534 1.510293e-09
535 1.092718e-09
536 8.010792e-10
537 5.910102e-10
538 4.345467e-10
539 3.152344e-10
540 2.237267e-10
541 1.541467e-10
542 1.025710e-10
543 6.580545e-11
544 4.077399e-11
545 2.450566e-11
546 2.382440e-08
547 1.939131e-08
548 1.525863e-08
549 1.171203e-08
550 8.786402e-09
551 6.386207e-09
552 4.501983e-09
553 3.159135e-09
554 2.228867e-09
555 1.586425e-09
556 1.146819e-09
557 8.401814e-10
558 6.197696e-10
559 4.559611e-10
560 3.310927e-10
561 2.352699e-10
562 1.624057e-10
563 1.083021e-10
564 6.959085e-11
565 4.318741e-11
566 2.599288e-11
567 2.053164e-08
568 1.665757e-08
569 1.307469e-08
570 1.000794e-08
571 7.484694e-09
572 5.436720e-09
573 3.839550e-09
574 2.696860e-09
575 1.907699e-09
576 1.360226e-09
577 9.847121e-10
578 7.214581e-10
579 5.316257e-10
580 3.901195e-10
581 2.824147e-10
582 1.999633e-10
583 1.375021e-10
584 9.139541e-11
585 5.859086e-11
586 3.629503e-11
587 2.182613e-11
588 2.327306e-08
589 1.905801e-08
590 1.506520e-08
591 1.159464e-08
592 8.721884e-09
593 6.380164e-09
594 4.525992e-09
595 3.171954e-09
596 2.237643e-09
597 1.587970e-09
598 1.143624e-09
599 8.343987e-10
600 6.134654e-10
601 4.505264e-10
602 3.271447e-10
603 2.329095e-10
604 1.613252e-10
605 1.081570e-10
606 6.997083e-11
607 4.373268e-11
608 2.650462e-11
609 2.536844e-08
610 2.090238e-08
611 1.660064e-08
612 1.281905e-08
613 9.680736e-09
614 7.112315e-09
615 5.060729e-09
616 3.543445e-09
617 2.495256e-09
618 1.766105e-09
619 1.267578e-09
620 9.222591e-10
621 6.771414e-10
622 4.972696e-10
623 3.617614e-10
624 2.583296e-10
625 1.797765e-10
626 1.211208e-10
627 7.881644e-11
628 4.953128e-11
629 3.016703e-11
630 2.708118e-08
631 2.240257e-08
632 1.785252e-08
633 1.382048e-08
634 1.046049e-08
635 7.708885e-09
636 5.496505e-09
637 3.846709e-09
638 2.705373e-09
639 1.911146e-09
640 1.368673e-09
641 9.939799e-10
642 7.289125e-10
643 5.353157e-10
644 3.899157e-10
645 2.791045e-10
646 1.947394e-10
647 1.317003e-10
648 8.602442e-11
649 5.425770e-11
650 3.315552e-11
651 2.857182e-08
652 2.371354e-08
653 1.894266e-08
654 1.469326e-08
655 1.114236e-08
656 8.229837e-09
657 5.877249e-09
658 4.111528e-09
659 2.888789e-09
660 2.037957e-09
661 1.457047e-09
662 1.056413e-09
663 7.741994e-10
664 5.686398e-10
665 4.145355e-10
666 2.971359e-10
667 2.078736e-10
668 1.409536e-10
669 9.232086e-11
670 5.839152e-11
671 3.576319e-11
672 2.997776e-08
673 2.495200e-08
674 1.997430e-08
675 1.551835e-08
676 1.178738e-08
677 8.723787e-09
678 6.237013e-09
679 4.361962e-09
680 3.062113e-09
681 2.157662e-09
682 1.540432e-09
683 1.115726e-09
684 8.169793e-10
685 5.999578e-10
686 4.377969e-10
687 3.142968e-10
688 2.202888e-10
689 1.497026e-10
690 9.826095e-11
691 6.228398e-11
692 3.822087e-11
693 3.163443e-08
694 2.640459e-08
695 2.118177e-08
696 1.648338e-08
697 1.254045e-08
698 9.298118e-09
699 6.658901e-09
700 4.654645e-09
701 3.265250e-09
702 2.297941e-09
703 1.638033e-09
704 1.184801e-09
705 8.669735e-10
706 6.368856e-10
707 4.649725e-10
708 3.343264e-10
709 2.347672e-10
710 1.599166e-10
711 1.052264e-10
712 6.685335e-11
713 4.111715e-11
714 2.700599e-08
715 2.239867e-08
716 1.789362e-08
717 1.387523e-08
718 1.051212e-08
719 7.762437e-09
720 5.553199e-09
721 3.889203e-09
722 2.733090e-09
723 1.930008e-09
724 1.379782e-09
725 1.000117e-09
726 7.322411e-10
727 5.372735e-10
728 3.911675e-10
729 2.801208e-10
730 1.957099e-10
731 1.326297e-10
732 8.683346e-11
733 5.493864e-11
734 3.367265e-11
735 2.998853e-08
736 2.509252e-08
737 2.019325e-08
738 1.574415e-08
739 1.198508e-08
740 8.901382e-09
741 6.406771e-09
742 4.492718e-09
743 3.147933e-09
744 2.217326e-09
745 1.577188e-09
746 1.138048e-09
747 8.307146e-10
748 6.086254e-10
749 4.436540e-10
750 3.186996e-10
751 2.239007e-10
752 1.527221e-10
753 1.007730e-10
754 6.426058e-11
755 3.968351e-11
756 3.244058e-08
757 2.731989e-08
758 2.209658e-08
759 1.729331e-08
760 1.320711e-08
761 9.848197e-09
762 7.117227e-09
763 4.996672e-09
764 3.494706e-09
765 2.457463e-09
766 1.742074e-09
767 1.253244e-09
768 9.123486e-10
769 6.678791e-10
770 4.871599e-10
771 3.507694e-10
772 2.471878e-10
773 1.694132e-10
774 1.123477e-10
775 7.201348e-11
776 4.470871e-11
777 3.458297e-08
778 2.925834e-08
779 2.376035e-08
780 1.865145e-08
781 1.427659e-08
782 1.067565e-08
783 7.738998e-09
784 5.437462e-09
785 3.798583e-09
786 2.667432e-09
787 1.886462e-09
788 1.353924e-09
789 9.838427e-10
790 7.198108e-10
791 5.252460e-10
792 3.786849e-10
793 2.676137e-10
794 1.839850e-10
795 1.224778e-10
796 7.881151e-11
797 4.908369e-11
798 3.661093e-08
799 3.110302e-08
800 2.534079e-08
801 1.993711e-08
802 1.529232e-08
803 1.146369e-08
804 8.329278e-09
805 5.857271e-09
806 4.086746e-09
807 2.867298e-09
808 2.023520e-09
809 1.449428e-09
810 1.051918e-09
811 7.689497e-10
812 5.613884e-10
813 4.053191e-10
814 2.870371e-10
815 1.978148e-10
816 1.320749e-10
817 8.524638e-11
818 5.325973e-11
819 3.899041e-08
820 3.325856e-08
821 2.718615e-08
822 2.144123e-08
823 1.647833e-08
824 1.238000e-08
825 9.018115e-09
826 6.345451e-09
827 4.423014e-09
828 3.099955e-09
829 2.183279e-09
830 1.561034e-09
831 1.131177e-09
832 8.264192e-10
833 6.035150e-10
834 4.363592e-10
835 3.096960e-10
836 2.140582e-10
837 1.432810e-10
838 9.277858e-11
839 5.810744e-11
840 3.386882e-08
841 2.867680e-08
842 2.331583e-08
843 1.831848e-08
844 1.402937e-08
845 1.049323e-08
846 7.618370e-09
847 5.364728e-09
848 3.746330e-09
849 2.631990e-09
850 1.860059e-09
851 1.333871e-09
852 9.684176e-10
853 7.076220e-10
854 5.159130e-10
855 3.717678e-10
856 2.626995e-10
857 1.806640e-10
858 1.203285e-10
859 7.752269e-11
860 4.836184e-11
861 3.716403e-08
862 3.174050e-08
863 2.600111e-08
864 2.054953e-08
865 1.580709e-08
866 1.188043e-08
867 8.677395e-09
868 6.134696e-09
869 4.276731e-09
870 2.998338e-09
871 2.110402e-09
872 1.506880e-09
873 1.089334e-09
874 7.939931e-10
875 5.786802e-10
876 4.178100e-10
877 2.962288e-10
878 2.047948e-10
879 1.373305e-10
880 8.910778e-11
881 5.599322e-11
882 4.006486e-08
883 3.443780e-08
884 2.837721e-08
885 2.253001e-08
886 1.738636e-08
887 1.311187e-08
888 9.619451e-09
889 6.820624e-09
890 4.750833e-09
891 3.325128e-09
892 2.333981e-09
893 1.660755e-09
894 1.197098e-09
895 8.709061e-10
896 6.344634e-10
897 4.585182e-10
898 3.260586e-10
899 2.262695e-10
900 1.524189e-10
901 9.939561e-11
902 6.276153e-11
903 4.281558e-08
904 3.700303e-08
905 3.063131e-08
906 2.440588e-08
907 1.888648e-08
908 1.428458e-08
909 1.051366e-08
910 7.473998e-09
911 5.201079e-09
912 3.636216e-09
913 2.546823e-09
914 1.807114e-09
915 1.299426e-09
916 9.438323e-10
917 6.874225e-10
918 4.973185e-10
919 3.543615e-10
920 2.466315e-10
921 1.667542e-10
922 1.091668e-10
923 6.921742e-11
924 4.603836e-08
925 4.000147e-08
926 3.327037e-08
927 2.660260e-08
928 2.063758e-08
929 1.565070e-08
930 1.155851e-08
931 8.234909e-09
932 5.727009e-09
933 3.998946e-09
934 2.794933e-09
935 1.978205e-09
936 1.418844e-09
937 1.029066e-09
938 7.492415e-10
939 5.425787e-10
940 3.874560e-10
941 2.705139e-10
942 1.834790e-10
943 1.205925e-10
944 7.671997e-11
945 4.134823e-08
946 3.570032e-08
947 2.954659e-08
948 2.354919e-08
949 1.822391e-08
950 1.377540e-08
951 1.013872e-08
952 7.218171e-09
953 5.029638e-09
954 3.515453e-09
955 2.464595e-09
956 1.748745e-09
957 1.256729e-09
958 9.122049e-10
959 6.637346e-10
960 4.797465e-10
961 3.414172e-10
962 2.374673e-10
963 1.604806e-10
964 1.050593e-10
965 6.662786e-11
966 4.512591e-08
967 3.929793e-08
968 3.279701e-08
969 2.631109e-08
970 2.045786e-08
971 1.553008e-08
972 1.149460e-08
973 8.228878e-09
974 5.738615e-09
975 4.000548e-09
976 2.797830e-09
977 1.975316e-09
978 1.413232e-09
979 1.022255e-09
980 7.425273e-10
981 5.368030e-10
982 3.830776e-10
983 2.675472e-10
984 1.818262e-10
985 1.197906e-10
986 7.649409e-11
987 4.873234e-08
988 4.274215e-08
989 3.589634e-08
990 2.895454e-08
991 2.260366e-08
992 1.721967e-08
993 1.279781e-08
994 9.203012e-09
995 6.421989e-09
996 4.468550e-09
997 3.119331e-09
998 2.193867e-09
999 1.563915e-09
1000 1.127933e-09
1001 8.182532e-10
1002 5.917525e-10
1003 4.230372e-10
1004 2.964085e-10
1005 2.022998e-10
1006 1.339476e-10
1007 8.598695e-11
1008 5.295282e-08
1009 4.675566e-08
1010 3.952329e-08
1011 3.204008e-08
1012 2.510749e-08
1013 1.918851e-08
1014 1.431959e-08
1015 1.033910e-08
1016 7.220699e-09
1017 5.015596e-09
1018 3.495039e-09
1019 2.449366e-09
1020 1.740174e-09
1021 1.251686e-09
1022 9.066269e-10
1023 6.558697e-10
1024 4.697289e-10
1025 3.302097e-10
1026 2.262046e-10
1027 1.504963e-10
1028 9.706327e-11
1029 4.988671e-08
1030 4.391479e-08
1031 3.703317e-08
1032 2.998764e-08
1033 2.348145e-08
1034 1.792373e-08
1035 1.335485e-08
1036 9.638637e-09
1037 6.745485e-09
1038 4.687002e-09
1039 3.270807e-09
1040 2.294311e-09
1041 1.631453e-09
1042 1.173652e-09
1043 8.496354e-10
1044 6.138028e-10
1045 4.388742e-10
1046 3.079265e-10
1047 2.106073e-10
1048 1.398546e-10
1049 9.007629e-11
1050 5.453727e-08
1051 4.844621e-08
1052 4.122009e-08
1053 3.364212e-08
1054 2.649873e-08
1055 2.032070e-08
1056 1.521773e-08
1057 1.105532e-08
1058 7.764678e-09
1059 5.383830e-09
1060 3.749960e-09
1061 2.617861e-09
1062 1.852218e-09
1063 1.326042e-09
1064 9.570431e-10
1065 6.907577e-10
1066 4.944420e-10
1067 3.480514e-10
1068 2.392054e-10
1069 1.598161e-10
1070 1.036744e-10
1071 5.999014e-08
1072 5.376019e-08
1073 4.613182e-08
1074 3.792939e-08
1075 3.004623e-08
1076 2.314031e-08
1077 1.741328e-08
1078 1.272477e-08
1079 8.968172e-09
1080 6.208413e-09
1081 4.315617e-09
1082 3.000510e-09
1083 2.113130e-09
1084 1.506111e-09
1085 1.083617e-09
1086 7.813572e-10
1087 5.598455e-10
1088 3.952925e-10
1089 2.728913e-10
1090 1.833558e-10
1091 1.196393e-10
1092 6.045360e-08
1093 5.431922e-08
1094 4.676429e-08
1095 3.858710e-08
1096 3.066149e-08
1097 2.366421e-08
1098 1.783436e-08
1099 1.306787e-08
1100 9.247119e-09
1101 6.406069e-09
1102 4.448695e-09
1103 3.090967e-09
1104 2.171772e-09
1105 1.543720e-09
1106 1.107963e-09
1107 7.973212e-10
1108 5.707059e-10
1109 4.028958e-10
1110 2.783802e-10
1111 1.873659e-10
1112 1.226011e-10
1113 6.756269e-08
1114 6.139605e-08
1115 5.347433e-08
1116 4.460534e-08
1117 3.575852e-08
1118 2.777807e-08
1119 2.106144e-08
1120 1.555300e-08
1121 1.108903e-08
1122 7.686768e-09
1123 5.320765e-09
1124 3.683935e-09
1125 2.570268e-09
1126 1.814437e-09
1127 1.294876e-09
1128 9.287628e-10
1129 6.643372e-10
1130 4.699897e-10
1131 3.262685e-10
1132 2.210613e-10
1133 1.457216e-10
1134 7.727828e-08
1135 7.131378e-08
1136 6.314581e-08
1137 5.354711e-08
1138 4.355764e-08
1139 3.421088e-08
1140 2.616345e-08
1141 1.952096e-08
1142 1.410322e-08
1143 9.844854e-09
1144 6.784983e-09
1145 4.683818e-09
1146 3.235537e-09
1147 2.260548e-09
1148 1.596402e-09
1149 1.135886e-09
1150 8.089757e-10
1151 5.722177e-10
1152 3.987671e-10
1153 2.721182e-10
1154 1.811758e-10
