0 2.441896e-09
1 1.808916e-09
2 1.311142e-09
3 9.371522e-10
4 6.700270e-10
5 4.834004e-10
6 3.528076e-10
7 2.605776e-10
8 1.938245e-10
9 1.440723e-10
10 1.060515e-10
11 7.668227e-11
12 5.408902e-11
13 3.706460e-11
14 2.460830e-11
15 1.583470e-11
16 9.904415e-12
17 6.051972e-12
18 3.632458e-12
19 2.163464e-12
20 1.295318e-12
21 4.098953e-09
22 3.088668e-09
23 2.272683e-09
24 1.634495e-09
25 1.162288e-09
26 8.300734e-10
27 5.984594e-10
28 4.369917e-10
29 3.229621e-10
30 2.401575e-10
31 1.781887e-10
32 1.307419e-10
33 9.406161e-11
34 6.594860e-11
35 4.486445e-11
36 2.955817e-11
37 1.887768e-11
38 1.171972e-11
39 7.107375e-12
40 4.243655e-12
41 2.525960e-12
42 4.716846e-09
43 3.573283e-09
44 2.643022e-09
45 1.908810e-09
46 1.358020e-09
47 9.671931e-10
48 6.950429e-10
49 5.054993e-10
50 3.723626e-10
51 2.764778e-10
52 2.053170e-10
53 1.511221e-10
54 1.092471e-10
55 7.708106e-11
56 5.282557e-11
57 3.506704e-11
58 2.255836e-11
59 1.409185e-11
60 8.584846e-12
61 5.138284e-12
62 3.058323e-12
63 5.060097e-09
64 3.842589e-09
65 2.849541e-09
66 2.061976e-09
67 1.467348e-09
68 1.043892e-09
69 7.490409e-10
70 5.437368e-10
71 3.999382e-10
72 2.967500e-10
73 2.204451e-10
74 1.624535e-10
75 1.177094e-10
76 8.328597e-11
77 5.726188e-11
78 3.814727e-11
79 2.461444e-11
80 1.542148e-11
81 9.413850e-12
82 5.641192e-12
83 3.357824e-12
84 5.291186e-09
85 4.023765e-09
86 2.988228e-09
87 2.164570e-09
88 1.540902e-09
89 1.095471e-09
90 7.853587e-10
91 5.694500e-10
92 4.185171e-10
93 3.103963e-10
94 2.306103e-10
95 1.700533e-10
96 1.233925e-10
97 8.745933e-11
98 6.024184e-11
99 4.021251e-11
100 2.600120e-11
101 1.631575e-11
102 9.971758e-12
103 5.979789e-12
104 3.559289e-12
105 5.464185e-09
106 4.159630e-09
107 3.092011e-09
108 2.241646e-09
109 1.595910e-09
110 1.134219e-09
111 8.125743e-10
112 5.887926e-10
113 4.324115e-10
114 3.206163e-10
115 2.382234e-10
116 1.757980e-10
117 1.276600e-10
118 9.059686e-11
119 6.249008e-11
120 4.176776e-11
121 2.703913e-11
122 1.698531e-11
123 1.039006e-11
124 6.233420e-12
125 3.710336e-12
126 5.604310e-09
127 4.269291e-09
128 3.176068e-09
129 2.304033e-09
130 1.640515e-09
131 1.165396e-09
132 8.346698e-10
133 6.044127e-10
134 4.437100e-10
135 3.289020e-10
136 2.444050e-10
137 1.804047e-10
138 1.311087e-10
139 9.312991e-11
140 6.429810e-11
141 4.302200e-11
142 2.787974e-11
143 1.752941e-11
144 1.072950e-11
145 6.439390e-12
146 3.832992e-12
147 5.728149e-09
148 4.366283e-09
149 3.250535e-09
150 2.359239e-09
151 1.679975e-09
152 1.193045e-09
153 8.539406e-10
154 6.181796e-10
155 4.535886e-10
156 3.361442e-10
157 2.498264e-10
158 1.844907e-10
159 1.341515e-10
160 9.535286e-11
161 6.588885e-11
162 4.412628e-11
163 2.861369e-11
164 1.800304e-11
165 1.102420e-11
166 6.618783e-12
167 3.939961e-12
168 5.844873e-09
169 4.457848e-09
170 3.320788e-09
171 2.411354e-09
172 1.716811e-09
173 1.219086e-09
174 8.723563e-10
175 6.311609e-10
176 4.629087e-10
177 3.430240e-10
178 2.549445e-10
179 1.883188e-10
180 1.370161e-10
181 9.744150e-11
182 6.738801e-11
183 4.516427e-11
184 2.931182e-11
185 1.845194e-11
186 1.130593e-11
187 6.789134e-12
188 4.041504e-12
189 5.978225e-09
190 4.562589e-09
191 3.401433e-09
192 2.471364e-09
193 1.759877e-09
194 1.249161e-09
195 8.935434e-10
196 6.460520e-10
197 4.736586e-10
198 3.509967e-10
199 2.608610e-10
200 1.927850e-10
201 1.403374e-10
202 9.988909e-11
203 6.913806e-11
204 4.638023e-11
205 3.012205e-11
206 1.897536e-11
207 1.163280e-11
208 6.987291e-12
209 4.159303e-12
210 8.350505e-09
211 6.445526e-09
212 4.861919e-09
213 3.573214e-09
214 2.555560e-09
215 1.805994e-09
216 1.283634e-09
217 9.201492e-10
218 6.692421e-10
219 4.929844e-10
220 3.661977e-10
221 2.717593e-10
222 1.996227e-10
223 1.438698e-10
224 1.010462e-10
225 6.886106e-11
226 4.541662e-11
227 2.899055e-11
228 1.795949e-11
229 1.086034e-11
230 6.475059e-12
231 1.054404e-08
232 8.217923e-09
233 6.254615e-09
234 4.647127e-09
235 3.354272e-09
236 2.371438e-09
237 1.677491e-09
238 1.195549e-09
239 8.622546e-10
240 6.311623e-10
241 4.670724e-10
242 3.466720e-10
243 2.557942e-10
244 1.858276e-10
245 1.319642e-10
246 9.107989e-11
247 6.089088e-11
248 3.938210e-11
249 2.467847e-11
250 1.505513e-11
251 9.020274e-12
252 1.184336e-08
253 9.276281e-09
254 7.090894e-09
255 5.292467e-09
256 3.837922e-09
257 2.717563e-09
258 1.918470e-09
259 1.363974e-09
260 9.801202e-10
261 7.149312e-10
262 5.278649e-10
263 3.917264e-10
264 2.894699e-10
265 2.110041e-10
266 1.505469e-10
267 1.044942e-10
268 7.028361e-11
269 4.573482e-11
270 2.881454e-11
271 1.765585e-11
272 1.060731e-11
273 1.272424e-08
274 9.995248e-09
275 7.658430e-09
276 5.731362e-09
277 4.167104e-09
278 2.952942e-09
279 2.082718e-09
280 1.478551e-09
281 1.060373e-09
282 7.720379e-10
283 5.691878e-10
284 4.223380e-10
285 3.123269e-10
286 2.280789e-10
287 1.631252e-10
288 1.135963e-10
289 7.665960e-11
290 5.005186e-11
291 3.163009e-11
292 1.942680e-11
293 1.169121e-11
294 1.338626e-08
295 1.053398e-08
296 8.084003e-09
297 6.061072e-09
298 4.414058e-09
299 3.129380e-09
300 2.205416e-09
301 1.564411e-09
302 1.120359e-09
303 8.146866e-10
304 6.002592e-10
305 4.452668e-10
306 3.294922e-10
307 2.409199e-10
308 1.726291e-10
309 1.204256e-10
310 8.144694e-11
311 5.328750e-11
312 3.374088e-11
313 2.075784e-11
314 1.250286e-11
315 1.392180e-08
316 1.097110e-08
317 8.429112e-09
318 6.327302e-09
319 4.613942e-09
320 3.272808e-09
321 2.305290e-09
322 1.634211e-09
323 1.169140e-09
324 8.494288e-10
325 6.254599e-10
326 4.639226e-10
327 3.433777e-10
328 2.512515e-10
329 1.802574e-10
330 1.259544e-10
331 8.534104e-11
332 5.591688e-11
333 3.545870e-11
334 2.183540e-11
335 1.316100e-11
336 1.438846e-08
337 1.135114e-08
338 8.729795e-09
339 6.559661e-09
340 4.787721e-09
341 3.397781e-09
342 2.392444e-09
343 1.695296e-09
344 1.211685e-09
345 8.797459e-10
346 6.472601e-10
347 4.800570e-10
348 3.554608e-10
349 2.603247e-10
350 1.869283e-10
351 1.307888e-10
352 8.871630e-11
353 5.821322e-11
354 3.695077e-11
355 2.277683e-11
356 1.373594e-11
357 1.483241e-08
358 1.171299e-08
359 9.015691e-09
360 6.781088e-09
361 4.953709e-09
362 3.516046e-09
363 2.475299e-09
364 1.753068e-09
365 1.252006e-09
366 9.084114e-10
367 6.682093e-10
368 4.954331e-10
369 3.669834e-10
370 2.689328e-10
371 1.933057e-10
372 1.353546e-10
373 9.193173e-11
374 6.038912e-11
375 3.836857e-11
376 2.366517e-11
377 1.428060e-11
378 1.534778e-08
379 1.213374e-08
380 9.348669e-09
381 7.038111e-09
382 5.146798e-09
383 3.654122e-09
384 2.571288e-09
385 1.819989e-09
386 1.299321e-09
387 9.419796e-10
388 6.925239e-10
389 5.134518e-10
390 3.804131e-10
391 2.789901e-10
392 2.006852e-10
393 1.407093e-10
394 9.566987e-11
395 6.290986e-11
396 4.002074e-11
397 2.470508e-11
398 1.491697e-11
399 1.429579e-08
400 1.132149e-08
401 8.725368e-09
402 6.575145e-09
403 4.823649e-09
404 3.436830e-09
405 2.418307e-09
406 1.712748e-09
407 1.221673e-09
408 8.842479e-10
409 6.487295e-10
410 4.799049e-10
411 3.550853e-10
412 2.601734e-10
413 1.872336e-10
414 1.314169e-10
415 8.951424e-11
416 5.902231e-11
417 3.765248e-11
418 2.332018e-11
419 1.411599e-11
420 1.679522e-08
421 1.342605e-08
422 1.042240e-08
423 7.905366e-09
424 5.847762e-09
425 4.196367e-09
426 2.951364e-09
427 2.082274e-09
428 1.478503e-09
429 1.063355e-09
430 7.760263e-10
431 5.723660e-10
432 4.234167e-10
433 3.111510e-10
434 2.251550e-10
435 1.592397e-10
436 1.095008e-10
437 7.292437e-11
438 4.698040e-11
439 2.934479e-11
440 1.788204e-11
441 1.853742e-08
442 1.490368e-08
443 1.161735e-08
444 8.844859e-09
445 6.573622e-09
446 4.736137e-09
447 3.333372e-09
448 2.346545e-09
449 1.662568e-09
450 1.191471e-09
451 8.667260e-10
452 6.379850e-10
453 4.717402e-10
454 3.471690e-10
455 2.519604e-10
456 1.789498e-10
457 1.236485e-10
458 8.278481e-11
459 5.363198e-11
460 3.366527e-11
461 2.059473e-11
462 1.985004e-08
463 1.601811e-08
464 1.251806e-08
465 9.554743e-09
466 7.119509e-09
467 5.143394e-09
468 3.621241e-09
469 2.546415e-09
470 1.801592e-09
471 1.288223e-09
472 9.352262e-10
473 6.873808e-10
474 5.083246e-10
475 3.743034e-10
476 2.721184e-10
477 1.937927e-10
478 1.343208e-10
479 9.023570e-11
480 5.865040e-11
481 3.692780e-11
482 2.264295e-11
483 2.091928e-08
484 1.692143e-08
485 1.325110e-08
486 1.013024e-08
487 7.563135e-09
488 5.474424e-09
489 3.855092e-09
490 2.708656e-09
491 1.914332e-09
492 1.366640e-09
493 9.908599e-10
494 7.277208e-10
495 5.377579e-10
496 3.963162e-10
497 2.885526e-10
498 2.058584e-10
499 1.429846e-10
500 9.627976e-11
501 6.272176e-11
502 3.957589e-11
503 2.430460e-11
504 2.184961e-08
505 1.771017e-08
506 1.389113e-08
507 1.063300e-08
508 7.951185e-09
509 5.761541e-09
510 4.059122e-09
511 2.850073e-09
512 2.012821e-09
513 1.434939e-09
514 1.039206e-09
515 7.626916e-10
516 5.635835e-10
517 4.156055e-10
518 3.028413e-10
519 2.163477e-10
520 1.505518e-10
521 1.015580e-10
522 6.627645e-11
523 4.188601e-11
524 2.575512e-11
525 2.272824e-08
526 1.845513e-08
527 1.449366e-08
528 1.110732e-08
529 8.317404e-09
530 6.035466e-09
531 4.251596e-09
532 2.984088e-09
533 2.105959e-09
534 1.500041e-09
535 1.085256e-09
536 7.958009e-10
537 5.880839e-10
538 4.337330e-10
539 3.163840e-10
540 2.263058e-10
541 1.577112e-10
542 1.065721e-10
543 6.964244e-11
544 4.407300e-11
545 2.713144e-11
546 2.375851e-08
547 1.932878e-08
548 1.520186e-08
549 1.166293e-08
550 8.746067e-09
551 6.354666e-09
552 4.478168e-09
553 3.141013e-09
554 2.214882e-09
555 1.575859e-09
556 1.138951e-09
557 8.347568e-10
558 6.166147e-10
559 4.549788e-10
560 3.322051e-10
561 2.379429e-10
562 1.660787e-10
563 1.124089e-10
564 7.358815e-11
565 4.663486e-11
566 2.873810e-11
567 2.047273e-08
568 1.660218e-08
569 1.302485e-08
570 9.965109e-09
571 7.449443e-09
572 5.409536e-09
573 3.818920e-09
574 2.681291e-09
575 1.895562e-09
576 1.351009e-09
577 9.779049e-10
578 7.168922e-10
579 5.290738e-10
580 3.895868e-10
581 2.835584e-10
582 2.024037e-10
583 1.408172e-10
584 9.502597e-11
585 6.205728e-11
586 3.926336e-11
587 2.418549e-11
588 2.321022e-08
589 1.899830e-08
590 1.500841e-08
591 1.154748e-08
592 8.682977e-09
593 6.349559e-09
594 4.503084e-09
595 3.154145e-09
596 2.224179e-09
597 1.577703e-09
598 1.136031e-09
599 8.292690e-10
600 6.105076e-10
601 4.496590e-10
602 3.282441e-10
603 2.354231e-10
604 1.648585e-10
605 1.121080e-10
606 7.381592e-11
607 4.708051e-11
608 2.919679e-11
609 2.530269e-08
610 2.083944e-08
611 1.654307e-08
612 1.276873e-08
613 9.638902e-09
614 7.079104e-09
615 5.035170e-09
616 3.524341e-09
617 2.480545e-09
618 1.754834e-09
619 1.259304e-09
620 9.164515e-10
621 6.738841e-10
622 4.962460e-10
623 3.627170e-10
624 2.609963e-10
625 1.834920e-10
626 1.253583e-10
627 8.294001e-11
628 5.316536e-11
629 3.310999e-11
630 2.701295e-08
631 2.233696e-08
632 1.779221e-08
633 1.376753e-08
634 1.041624e-08
635 7.673596e-09
636 5.469540e-09
637 3.826467e-09
638 2.689680e-09
639 1.899212e-09
640 1.359897e-09
641 9.878259e-10
642 7.252284e-10
643 5.340767e-10
644 3.909449e-10
645 2.817998e-10
646 1.986399e-10
647 1.361409e-10
648 9.037968e-11
649 5.812616e-11
650 3.630074e-11
651 2.850147e-08
652 2.364562e-08
653 1.888001e-08
654 1.463799e-08
655 1.109592e-08
656 8.192748e-09
657 5.848997e-09
658 4.090129e-09
659 2.872448e-09
660 2.025333e-09
661 1.447521e-09
662 1.049944e-09
663 7.702549e-10
664 5.672321e-10
665 4.155009e-10
666 2.999417e-10
667 2.118548e-10
668 1.455614e-10
669 9.687363e-11
670 6.245106e-11
671 3.908175e-11
672 2.990550e-08
673 2.488205e-08
674 1.990945e-08
675 1.546089e-08
676 1.173887e-08
677 8.685061e-09
678 6.207371e-09
679 4.339608e-09
680 3.044925e-09
681 2.144632e-09
682 1.530628e-09
683 1.108757e-09
684 8.128551e-10
685 5.985622e-10
686 4.386885e-10
687 3.171644e-10
688 2.244096e-10
689 1.544748e-10
690 1.030189e-10
691 6.653278e-11
692 4.171813e-11
693 3.155976e-08
694 2.633201e-08
695 2.111425e-08
696 1.642344e-08
697 1.248977e-08
698 9.258012e-09
699 6.627658e-09
700 4.631122e-09
701 3.247265e-09
702 2.284136e-09
703 1.627686e-09
704 1.177455e-09
705 8.625661e-10
706 6.351300e-10
707 4.658714e-10
708 3.372638e-10
709 2.390334e-10
710 1.648943e-10
711 1.102212e-10
712 7.134205e-11
713 4.481032e-11
714 2.693873e-08
715 2.233394e-08
716 1.783397e-08
717 1.382279e-08
718 1.046825e-08
719 7.727458e-09
720 5.526197e-09
721 3.868984e-09
722 2.717804e-09
723 1.918094e-09
724 1.371071e-09
725 9.941307e-10
726 7.286821e-10
727 5.360542e-10
728 3.921906e-10
729 2.827404e-10
730 1.995415e-10
731 1.370004e-10
732 9.117143e-11
733 5.877842e-11
734 3.681655e-11
735 2.991784e-08
736 2.502398e-08
737 2.012965e-08
738 1.568773e-08
739 1.193740e-08
740 8.862938e-09
741 6.376876e-09
742 4.470421e-09
743 3.130930e-09
744 2.204301e-09
745 1.567432e-09
746 1.131207e-09
747 8.266737e-10
748 6.071138e-10
749 4.444712e-10
750 3.214910e-10
751 2.279527e-10
752 1.574458e-10
753 1.054768e-10
754 6.849751e-11
755 4.318474e-11
756 3.236710e-08
757 2.724817e-08
758 2.202967e-08
759 1.723365e-08
760 1.315634e-08
761 9.806967e-09
762 7.085268e-09
763 4.972630e-09
764 3.476259e-09
765 2.443440e-09
766 1.731631e-09
767 1.245870e-09
768 9.077974e-10
769 6.662067e-10
770 4.880822e-10
771 3.536250e-10
772 2.514879e-10
773 1.744085e-10
774 1.173722e-10
775 7.658119e-11
776 4.849528e-11
777 3.450699e-08
778 2.918396e-08
779 2.369060e-08
780 1.858884e-08
781 1.422300e-08
782 1.063201e-08
783 7.705175e-09
784 5.411786e-09
785 3.779035e-09
786 2.652607e-09
787 1.875065e-09
788 1.346076e-09
789 9.791262e-10
790 7.179596e-10
791 5.260404e-10
792 3.816816e-10
793 2.720465e-10
794 1.892292e-10
795 1.277561e-10
796 8.364142e-11
797 5.314226e-11
798 3.653288e-08
799 3.102617e-08
800 2.526832e-08
801 1.987177e-08
802 1.523656e-08
803 1.141781e-08
804 8.293515e-09
805 5.830229e-09
806 4.066120e-09
807 2.851649e-09
808 2.011739e-09
809 1.441143e-09
810 1.046855e-09
811 7.669926e-10
812 5.620811e-10
813 4.083884e-10
814 2.916082e-10
815 2.033007e-10
816 1.376481e-10
817 9.035056e-11
818 5.755987e-11
819 3.890964e-08
820 3.317868e-08
821 2.711043e-08
822 2.137274e-08
823 1.641744e-08
824 1.233147e-08
825 8.980110e-09
826 6.316694e-09
827 4.401314e-09
828 3.083218e-09
829 2.170660e-09
830 1.552036e-09
831 1.125657e-09
832 8.240984e-10
833 6.042504e-10
834 4.394929e-10
835 3.143724e-10
836 2.197387e-10
837 1.491847e-10
838 9.818671e-11
839 6.270976e-11
840 3.379448e-08
841 2.860401e-08
842 2.324762e-08
843 1.825735e-08
844 1.397711e-08
845 1.045061e-08
846 7.585205e-09
847 5.339570e-09
848 3.727305e-09
849 2.617411e-09
850 1.849097e-09
851 1.326331e-09
852 9.637736e-10
853 7.057596e-10
854 5.165781e-10
855 3.746787e-10
856 2.670376e-10
857 1.857295e-10
858 1.255094e-10
859 8.226327e-11
860 5.234276e-11
861 3.708665e-08
862 3.166418e-08
863 2.592911e-08
864 2.048455e-08
865 1.575109e-08
866 1.183434e-08
867 8.641227e-09
868 6.107572e-09
869 4.255915e-09
870 2.982426e-09
871 2.098414e-09
872 1.498298e-09
873 1.084061e-09
874 7.919158e-10
875 5.793865e-10
876 4.207802e-10
877 3.008686e-10
878 2.103129e-10
879 1.429332e-10
880 9.428080e-11
881 6.036905e-11
882 3.998901e-08
883 3.435853e-08
884 2.830196e-08
885 2.246159e-08
886 1.732697e-08
887 1.306315e-08
888 9.580819e-09
889 6.791296e-09
890 4.728383e-09
891 3.308055e-09
892 2.321202e-09
893 1.651702e-09
894 1.191438e-09
895 8.684054e-10
896 6.351006e-10
897 4.617479e-10
898 3.308475e-10
899 2.320659e-10
900 1.583642e-10
901 1.049420e-10
902 6.750537e-11
903 4.273319e-08
904 3.692098e-08
905 3.055295e-08
906 2.433422e-08
907 1.882401e-08
908 1.423268e-08
909 1.047255e-08
910 7.442633e-09
911 5.177279e-09
912 3.618172e-09
913 2.533166e-09
914 1.797347e-09
915 1.293327e-09
916 9.413858e-10
917 6.879310e-10
918 5.005545e-10
919 3.593715e-10
920 2.527249e-10
921 1.730754e-10
922 1.150656e-10
923 7.429797e-11
924 4.595303e-08
925 3.991606e-08
926 3.318831e-08
927 2.652725e-08
928 2.057164e-08
929 1.559550e-08
930 1.151453e-08
931 8.201342e-09
932 5.701660e-09
933 3.979436e-09
934 2.780209e-09
935 1.967634e-09
936 1.412297e-09
937 1.026141e-09
938 7.497722e-10
939 5.459411e-10
940 3.925977e-10
941 2.768763e-10
942 1.901918e-10
943 1.269102e-10
944 8.221882e-11
945 4.126765e-08
946 3.562036e-08
947 2.947048e-08
948 2.347983e-08
949 1.816357e-08
950 1.372524e-08
951 1.009897e-08
952 7.187852e-09
953 5.006850e-09
954 3.497924e-09
955 2.451346e-09
956 1.739343e-09
957 1.250832e-09
958 9.097864e-10
959 6.643249e-10
960 4.828293e-10
961 3.463552e-10
962 2.434103e-10
963 1.665960e-10
964 1.107724e-10
965 7.152877e-11
966 4.504252e-08
967 3.921477e-08
968 3.271726e-08
969 2.623788e-08
970 2.039363e-08
971 1.547637e-08
972 1.145203e-08
973 8.195937e-09
974 5.713817e-09
975 3.981388e-09
976 2.783560e-09
977 1.965138e-09
978 1.406823e-09
979 1.019497e-09
980 7.430276e-10
981 5.401683e-10
982 3.882067e-10
983 2.738574e-10
984 1.883730e-10
985 1.259956e-10
986 8.187207e-11
987 4.864654e-08
988 4.265594e-08
989 3.581321e-08
990 2.887925e-08
991 2.253588e-08
992 1.716262e-08
993 1.275200e-08
994 9.167722e-09
995 6.395413e-09
996 4.448409e-09
997 3.103963e-09
998 2.182860e-09
999 1.556950e-09
1000 1.125024e-09
1001 8.186013e-10
1002 5.951334e-10
1003 4.284102e-10
1004 3.030683e-10
1005 2.093085e-10
1006 1.406062e-10
1007 9.182554e-11
1008 5.286392e-08
1009 4.666590e-08
1010 3.943614e-08
1011 3.195912e-08
1012 2.503568e-08
1013 1.912754e-08
1014 1.427025e-08
1015 1.030096e-08
1016 7.191976e-09
1017 4.993556e-09
1018 3.478372e-09
1019 2.437278e-09
1020 1.732608e-09
1021 1.248139e-09
1022 9.069418e-10
1023 6.593490e-10
1024 4.753273e-10
1025 3.372269e-10
1026 2.337566e-10
1027 1.577086e-10
1028 1.034435e-10
1029 4.980048e-08
1030 4.382826e-08
1031 3.694969e-08
1032 2.991032e-08
1033 2.341302e-08
1034 1.786594e-08
1035 1.330827e-08
1036 9.602613e-09
1037 6.718064e-09
1038 4.666094e-09
1039 3.254976e-09
1040 2.283095e-09
1041 1.624347e-09
1042 1.170518e-09
1043 8.500150e-10
1044 6.172917e-10
1045 4.443301e-10
1046 3.146697e-10
1047 2.177136e-10
1048 1.466702e-10
1049 9.607597e-11
1050 5.444361e-08
1051 4.835650e-08
1052 4.113293e-08
1053 3.356098e-08
1054 2.642633e-08
1055 2.025912e-08
1056 1.516773e-08
1057 1.101634e-08
1058 7.735137e-09
1059 5.361533e-09
1060 3.732847e-09
1061 2.605720e-09
1062 1.844420e-09
1063 1.322577e-09
1064 9.572492e-10
1065 6.942771e-10
1066 5.002052e-10
1067 3.552114e-10
1068 2.468850e-10
1069 1.672447e-10
1070 1.102488e-10
1071 5.989827e-08
1072 5.366678e-08
1073 4.604051e-08
1074 3.784370e-08
1075 2.996920e-08
1076 2.307428e-08
1077 1.735917e-08
1078 1.268251e-08
1079 8.936112e-09
1080 6.183976e-09
1081 4.297016e-09
1082 2.986964e-09
1083 2.104545e-09
1084 1.502094e-09
1085 1.083768e-09
1086 7.850349e-10
1087 5.659438e-10
1088 4.029639e-10
1089 2.812024e-10
1090 1.914590e-10
1091 1.269427e-10
1092 6.036216e-08
1093 5.422629e-08
1094 4.667344e-08
1095 3.850159e-08
1096 3.058485e-08
1097 2.359842e-08
1098 1.778042e-08
1099 1.302549e-08
1100 9.215209e-09
1101 6.381639e-09
1102 4.429900e-09
1103 3.077641e-09
1104 2.163142e-09
1105 1.539691e-09
1106 1.108039e-09
1107 8.010063e-10
1108 5.768760e-10
1109 4.105983e-10
1110 2.867358e-10
1111 1.955423e-10
1112 1.299313e-10
1113 6.746798e-08
1114 6.129926e-08
1115 5.337927e-08
1116 4.451544e-08
1117 3.567703e-08
1118 2.770708e-08
1119 2.100306e-08
1120 1.550685e-08
1121 1.105384e-08
1122 7.660019e-09
1123 5.300469e-09
1124 3.669046e-09
1125 2.560714e-09
1126 1.809886e-09
1127 1.294875e-09
1128 9.325191e-10
1129 6.708834e-10
1130 4.783873e-10
1131 3.354118e-10
1132 2.300681e-10
1133 1.540287e-10
1134 7.718057e-08
1135 7.121341e-08
1136 6.304671e-08
1137 5.345281e-08
1138 4.347147e-08
1139 3.413553e-08
1140 2.610032e-08
1141 1.947065e-08
1142 1.406468e-08
1143 9.815628e-09
1144 6.762820e-09
1145 4.667386e-09
1146 3.224837e-09
1147 2.255379e-09
1148 1.596308e-09
1149 1.139839e-09
1150 8.161970e-10
1151 5.814935e-10
1152 4.088952e-10
1153 2.822793e-10
1154 1.906781e-10
