0 2.464309e-09
1 1.827484e-09
2 1.323922e-09
3 9.437119e-10
4 6.706835e-10
5 4.797101e-10
6 3.468092e-10
7 2.542405e-10
8 1.884243e-10
9 1.401649e-10
10 1.035207e-10
11 7.512995e-11
12 5.309857e-11
13 3.631220e-11
14 2.393808e-11
15 1.519072e-11
16 9.302774e-12
17 5.515426e-12
18 3.184597e-12
19 1.803949e-12
20 1.010718e-12
21 4.131545e-09
22 3.118567e-09
23 2.297155e-09
24 1.650958e-09
25 1.170141e-09
26 8.302506e-10
27 5.931251e-10
28 4.288890e-10
29 3.146416e-10
30 2.332822e-10
31 1.733247e-10
32 1.276266e-10
33 9.215447e-11
34 6.465604e-11
35 4.382189e-11
36 2.858983e-11
37 1.795520e-11
38 1.087922e-11
39 6.392845e-12
40 3.665071e-12
41 2.067269e-12
42 4.752392e-09
43 3.606467e-09
44 2.671243e-09
45 1.928723e-09
46 1.368919e-09
47 9.694073e-10
48 6.906234e-10
49 4.972631e-10
50 3.632958e-10
51 2.686444e-10
52 1.995912e-10
53 1.473536e-10
54 1.069140e-10
55 7.555320e-11
56 5.162826e-11
57 3.397821e-11
58 2.152182e-11
59 1.314216e-11
60 7.770946e-12
61 4.478465e-12
62 2.533510e-12
63 5.097447e-09
64 3.877795e-09
65 2.879561e-09
66 2.083876e-09
67 1.479844e-09
68 1.047218e-09
69 7.451483e-10
70 5.355212e-10
71 3.905273e-10
72 2.884260e-10
73 2.141995e-10
74 1.583147e-10
75 1.151508e-10
76 8.161947e-11
77 5.598051e-11
78 3.699281e-11
79 2.351772e-11
80 1.440796e-11
81 8.545814e-12
82 4.936173e-12
83 2.796668e-12
84 5.329352e-09
85 4.059917e-09
86 3.019584e-09
87 2.188016e-09
88 1.554478e-09
89 1.099568e-09
90 7.817890e-10
91 5.612300e-10
92 4.088672e-10
93 3.016969e-10
94 2.240898e-10
95 1.656728e-10
96 1.206834e-10
97 8.571630e-11
98 5.890807e-11
99 3.900973e-11
100 2.485784e-11
101 1.526105e-11
102 9.066262e-12
103 5.243493e-12
104 2.973237e-12
105 5.503282e-09
106 4.196855e-09
107 3.124603e-09
108 2.265969e-09
109 1.610183e-09
110 1.138848e-09
111 8.092459e-10
112 5.805120e-10
113 4.225580e-10
114 3.116322e-10
115 2.314138e-10
116 1.711966e-10
117 1.248085e-10
118 8.875521e-11
119 6.110372e-11
120 4.053547e-11
121 2.586037e-11
122 1.589853e-11
123 9.456428e-12
124 5.474465e-12
125 3.106150e-12
126 5.643955e-09
127 4.307275e-09
128 3.209353e-09
129 2.329312e-09
130 1.655602e-09
131 1.170578e-09
132 8.315751e-10
133 5.961982e-10
134 4.336844e-10
135 3.197404e-10
136 2.374089e-10
137 1.757290e-10
138 1.281856e-10
139 9.124608e-11
140 6.288020e-11
141 4.175719e-11
142 2.667920e-11
143 1.641653e-11
144 9.772173e-12
145 5.660550e-12
146 3.213214e-12
147 5.768264e-09
148 4.404785e-09
149 3.284802e-09
150 2.385028e-09
151 1.695378e-09
152 1.198555e-09
153 8.510516e-10
154 6.098443e-10
155 4.434308e-10
156 3.267958e-10
157 2.426520e-10
158 1.796135e-10
159 1.310931e-10
160 9.339281e-11
161 6.444216e-11
162 4.282278e-11
163 2.739293e-11
164 1.686473e-11
165 1.005003e-11
166 5.824989e-12
167 3.307620e-12
168 5.885735e-09
169 4.497069e-09
170 3.355466e-09
171 2.437811e-09
172 1.733116e-09
173 1.224831e-09
174 8.696526e-10
175 6.229052e-10
176 4.526105e-10
177 3.334843e-10
178 2.476448e-10
179 1.833830e-10
180 1.339213e-10
181 9.547309e-11
182 6.592389e-11
183 4.386635e-11
184 2.806612e-11
185 1.730386e-11
186 1.031213e-11
187 5.978867e-12
188 3.396341e-12
189 6.019664e-09
190 4.602534e-09
191 3.436624e-09
192 2.498416e-09
193 1.776631e-09
194 1.255517e-09
195 8.909865e-10
196 6.378530e-10
197 4.633697e-10
198 3.412597e-10
199 2.533344e-10
200 1.876549e-10
201 1.371295e-10
202 9.783924e-11
203 6.763079e-11
204 4.505296e-11
205 2.885417e-11
206 1.780040e-11
207 1.061759e-11
208 6.159792e-12
209 3.500083e-12
210 8.401019e-09
211 6.495008e-09
212 4.909128e-09
213 3.613376e-09
214 2.584148e-09
215 1.821503e-09
216 1.286759e-09
217 9.136948e-10
218 6.574537e-10
219 4.803604e-10
220 3.554011e-10
221 2.639763e-10
222 1.946051e-10
223 1.407395e-10
224 9.889537e-11
225 6.706616e-11
226 4.372295e-11
227 2.739905e-11
228 1.656526e-11
229 9.711939e-12
230 5.557763e-12
231 1.059922e-08
232 8.274743e-09
233 6.310400e-09
234 4.696988e-09
235 3.392962e-09
236 2.395840e-09
237 1.687124e-09
238 1.192706e-09
239 8.511209e-10
240 6.169703e-10
241 4.536655e-10
242 3.363591e-10
243 2.488014e-10
244 1.814449e-10
245 1.290675e-10
246 8.880073e-11
247 5.881066e-11
248 3.741589e-11
249 2.292988e-11
250 1.360108e-11
251 7.851867e-12
252 1.190275e-08
253 9.336978e-09
254 7.150889e-09
255 5.348460e-09
256 3.882845e-09
257 2.746886e-09
258 1.931885e-09
259 1.363483e-09
260 9.695956e-10
261 7.000986e-10
262 5.131623e-10
263 3.799878e-10
264 2.812660e-10
265 2.057936e-10
266 1.471406e-10
267 1.019078e-10
268 6.795470e-11
269 4.353602e-11
270 2.685235e-11
271 1.601487e-11
272 9.286169e-12
273 1.278663e-08
274 1.005828e-08
275 7.721793e-09
276 5.791043e-09
277 4.215745e-09
278 2.985405e-09
279 2.098588e-09
280 1.479597e-09
281 1.050390e-09
282 7.566593e-10
283 5.537199e-10
284 4.096431e-10
285 3.033471e-10
286 2.223470e-10
287 1.594325e-10
288 1.108021e-10
289 7.417906e-11
290 4.770610e-11
291 2.952745e-11
292 1.766283e-11
293 1.026719e-11
294 1.344976e-08
295 1.059951e-08
296 8.149957e-09
297 6.122988e-09
298 4.465186e-09
299 3.164824e-09
300 2.223439e-09
301 1.566839e-09
302 1.110734e-09
303 7.990784e-10
304 5.840152e-10
305 4.317858e-10
306 3.199125e-10
307 2.347566e-10
308 1.686516e-10
309 1.174758e-10
310 7.885632e-11
311 5.083216e-11
312 3.153188e-11
313 1.889958e-11
314 1.099990e-11
315 1.398666e-08
316 1.103785e-08
317 8.496859e-09
318 6.391087e-09
319 4.667412e-09
320 3.310543e-09
321 2.325224e-09
322 1.637361e-09
323 1.159801e-09
324 8.335648e-10
325 6.086667e-10
326 4.498097e-10
327 3.333706e-10
328 2.448283e-10
329 1.760991e-10
330 1.228808e-10
331 8.262195e-11
332 5.336228e-11
333 3.315629e-11
334 1.989982e-11
335 1.159745e-11
336 1.445436e-08
337 1.141886e-08
338 8.799223e-09
339 6.625496e-09
340 4.843759e-09
341 3.437005e-09
342 2.413929e-09
343 1.699462e-09
344 1.202791e-09
345 8.634574e-10
346 6.300341e-10
347 4.654708e-10
348 3.450234e-10
349 2.535704e-10
350 1.825993e-10
351 1.276020e-10
352 8.590939e-11
353 5.556846e-11
354 3.457574e-11
355 2.077572e-11
356 1.211920e-11
357 1.489958e-08
358 1.178190e-08
359 9.086620e-09
360 6.848605e-09
361 5.011844e-09
362 3.557331e-09
363 2.497769e-09
364 1.757757e-09
365 1.243239e-09
366 8.921098e-10
367 6.504650e-10
368 4.804168e-10
369 3.561641e-10
370 2.619041e-10
371 1.887830e-10
372 1.320690e-10
373 8.904693e-11
374 5.766556e-11
375 3.592163e-11
376 2.160697e-11
377 1.261119e-11
378 1.541669e-08
379 1.220430e-08
380 9.421226e-09
381 7.107852e-09
382 5.207050e-09
383 3.697026e-09
384 2.595318e-09
385 1.825963e-09
386 1.290753e-09
387 9.253780e-10
388 6.742264e-10
389 4.977684e-10
390 3.691227e-10
391 2.716245e-10
392 1.960058e-10
393 1.372789e-10
394 9.269557e-11
395 6.010245e-11
396 3.748584e-11
397 2.256873e-11
398 1.318605e-11
399 1.436077e-08
400 1.138723e-08
401 8.792514e-09
402 6.638055e-09
403 4.877822e-09
404 3.476069e-09
405 2.439992e-09
406 1.718240e-09
407 1.214307e-09
408 8.696113e-10
409 6.322318e-10
410 4.656679e-10
411 3.445410e-10
412 2.532233e-10
413 1.827071e-10
414 1.281378e-10
415 8.672188e-11
416 5.640897e-11
417 3.529175e-11
418 2.131982e-11
419 1.248653e-11
420 1.686451e-08
421 1.349706e-08
422 1.049432e-08
423 7.976696e-09
424 5.910414e-09
425 4.244316e-09
426 2.980864e-09
427 2.093860e-09
428 1.474976e-09
429 1.049663e-09
430 7.583780e-10
431 5.558488e-10
432 4.105677e-10
433 3.023625e-10
434 2.194332e-10
435 1.552536e-10
436 1.061874e-10
437 6.986739e-11
438 4.420491e-11
439 2.697451e-11
440 1.593779e-11
441 1.861101e-08
442 1.497811e-08
443 1.169351e-08
444 8.921345e-09
445 6.641522e-09
446 4.790559e-09
447 3.368211e-09
448 2.362595e-09
449 1.661465e-09
450 1.178405e-09
451 8.484326e-10
452 6.200111e-10
453 4.573113e-10
454 3.370878e-10
455 2.453409e-10
456 1.743792e-10
457 1.199718e-10
458 7.942573e-11
459 5.056224e-11
460 3.103715e-11
461 1.842413e-11
462 1.992674e-08
463 1.609537e-08
464 1.259914e-08
465 9.634351e-09
466 7.192910e-09
467 5.202043e-09
468 3.660743e-09
469 2.565636e-09
470 1.802163e-09
471 1.275662e-09
472 9.163661e-10
473 6.684860e-10
474 4.926017e-10
475 3.632812e-10
476 2.648878e-10
477 1.888194e-10
478 1.303551e-10
479 8.665386e-11
480 5.537209e-11
481 3.409897e-11
482 2.030868e-11
483 2.099797e-08
484 1.700110e-08
485 1.333304e-08
486 1.021223e-08
487 7.639922e-09
488 5.537420e-09
489 3.897814e-09
490 2.730217e-09
491 1.916672e-09
492 1.354506e-09
493 9.715402e-10
494 7.076913e-10
495 5.212317e-10
496 3.845146e-10
497 2.807066e-10
498 2.005180e-10
499 1.387851e-10
500 9.250088e-11
501 5.926721e-11
502 3.658836e-11
503 2.183407e-11
504 2.193048e-08
505 1.779231e-08
506 1.397496e-08
507 1.071794e-08
508 8.030995e-09
509 5.828240e-09
510 4.104373e-09
511 2.873955e-09
512 2.016442e-09
513 1.423459e-09
514 1.019569e-09
515 7.419158e-10
516 5.462310e-10
517 4.030639e-10
518 2.945531e-10
519 2.107302e-10
520 1.461520e-10
521 9.759270e-11
522 6.266341e-11
523 3.875546e-11
524 2.316707e-11
525 2.281026e-08
526 1.853795e-08
527 1.457994e-08
528 1.119432e-08
529 8.400976e-09
530 6.105198e-09
531 4.300474e-09
532 3.009944e-09
533 2.110771e-09
534 1.488558e-09
535 1.065059e-09
536 7.743499e-10
537 5.698864e-10
538 4.206144e-10
539 3.076590e-10
540 2.203993e-10
541 1.531022e-10
542 1.024348e-10
543 6.587614e-11
544 4.080918e-11
545 2.443041e-11
546 2.384426e-08
547 1.941359e-08
548 1.528936e-08
549 1.175356e-08
550 8.833518e-09
551 6.427667e-09
552 4.529770e-09
553 3.168947e-09
554 2.221440e-09
555 1.564817e-09
556 1.118517e-09
557 8.123733e-10
558 5.975592e-10
559 4.411343e-10
560 3.229795e-10
561 2.317065e-10
562 1.612532e-10
563 1.080876e-10
564 6.965252e-11
565 4.321493e-11
566 2.590314e-11
567 2.055013e-08
568 1.667995e-08
569 1.310383e-08
570 1.004515e-08
571 7.522921e-09
572 5.470005e-09
573 3.860107e-09
574 2.702159e-09
575 1.898596e-09
576 1.340206e-09
577 9.599760e-10
578 6.978706e-10
579 5.130290e-10
580 3.779121e-10
581 2.757751e-10
582 1.970927e-10
583 1.366452e-10
584 9.130323e-11
585 5.867937e-11
586 3.634501e-11
587 2.175211e-11
588 2.329293e-08
589 1.908070e-08
590 1.509500e-08
591 1.163356e-08
592 8.764103e-09
593 6.418477e-09
594 4.552092e-09
595 3.182146e-09
596 2.232237e-09
597 1.569373e-09
598 1.118294e-09
599 8.087306e-10
600 5.922684e-10
601 4.359023e-10
602 3.188093e-10
603 2.290532e-10
604 1.600024e-10
605 1.078618e-10
606 6.997582e-11
607 4.373411e-11
608 2.639569e-11
609 2.539073e-08
610 2.092568e-08
611 1.662819e-08
612 1.286043e-08
613 9.725217e-09
614 7.154187e-09
615 5.091738e-09
616 3.557733e-09
617 2.492405e-09
618 1.748515e-09
619 1.241758e-09
620 8.949268e-10
621 6.537898e-10
622 4.808658e-10
623 3.521293e-10
624 2.537634e-10
625 1.780632e-10
626 1.207133e-10
627 7.876103e-11
628 4.950004e-11
629 3.002536e-11
630 2.710324e-08
631 2.242952e-08
632 1.788029e-08
633 1.386013e-08
634 1.050681e-08
635 7.754640e-09
636 5.530993e-09
637 3.864048e-09
638 2.704830e-09
639 1.894711e-09
640 1.342693e-09
641 9.654334e-10
642 7.040658e-10
643 5.174647e-10
644 3.792379e-10
645 2.738660e-10
646 1.927723e-10
647 1.311590e-10
648 8.591950e-11
649 5.420214e-11
650 3.298859e-11
651 2.859397e-08
652 2.373681e-08
653 1.897341e-08
654 1.473407e-08
655 1.119033e-08
656 8.278710e-09
657 5.914132e-09
658 4.131496e-09
659 2.890172e-09
660 2.022235e-09
661 1.430625e-09
662 1.026895e-09
663 7.479629e-10
664 5.494890e-10
665 4.029239e-10
666 2.914392e-10
667 2.056305e-10
668 1.402771e-10
669 9.216538e-11
670 5.831611e-11
671 3.558338e-11
672 3.000130e-08
673 2.497581e-08
674 2.000591e-08
675 1.555926e-08
676 1.183619e-08
677 8.773726e-09
678 6.277285e-09
679 4.384288e-09
680 3.065571e-09
681 2.142966e-09
682 1.513746e-09
683 1.085040e-09
684 7.894149e-10
685 5.797261e-10
686 4.253435e-10
687 3.080586e-10
688 2.177709e-10
689 1.489450e-10
690 9.807698e-11
691 6.217371e-11
692 3.802057e-11
693 3.165702e-08
694 2.642970e-08
695 2.121455e-08
696 1.652587e-08
697 1.259283e-08
698 9.351541e-09
699 6.702800e-09
700 4.679320e-09
701 3.270956e-09
702 2.284151e-09
703 1.611127e-09
704 1.152987e-09
705 8.379416e-10
706 6.151143e-10
707 4.515181e-10
708 3.274899e-10
709 2.319781e-10
710 1.590238e-10
711 1.049878e-10
712 6.672510e-11
713 4.088043e-11
714 2.702829e-08
715 2.242255e-08
716 1.792399e-08
717 1.391536e-08
718 1.055749e-08
719 7.806459e-09
720 5.586622e-09
721 3.906344e-09
722 2.733258e-09
723 1.914519e-09
724 1.354712e-09
725 9.725426e-10
726 7.078926e-10
727 5.194627e-10
728 3.803585e-10
729 2.747196e-10
730 1.936057e-10
731 1.319893e-10
732 8.670515e-11
733 5.486895e-11
734 3.350177e-11
735 3.001308e-08
736 2.511762e-08
737 2.022408e-08
738 1.578278e-08
739 1.203163e-08
740 8.949475e-09
741 6.446229e-09
742 4.515009e-09
743 3.152340e-09
744 2.204592e-09
745 1.552699e-09
746 1.109155e-09
747 8.039030e-10
748 5.883837e-10
749 4.308483e-10
750 3.120569e-10
751 2.210614e-10
752 1.518012e-10
753 1.005073e-10
754 6.413411e-11
755 3.946413e-11
756 3.246733e-08
757 2.734611e-08
758 2.212815e-08
759 1.733385e-08
760 1.325588e-08
761 9.899757e-09
762 7.160859e-09
763 5.023336e-09
764 3.502437e-09
765 2.447107e-09
766 1.718364e-09
767 1.223381e-09
768 8.839324e-10
769 6.456618e-10
770 4.727532e-10
771 3.429893e-10
772 2.438224e-10
773 1.682066e-10
774 1.119905e-10
775 7.184131e-11
776 4.443664e-11
777 3.460998e-08
778 2.928468e-08
779 2.379192e-08
780 1.869267e-08
781 1.432691e-08
782 1.073065e-08
783 7.785980e-09
784 5.468226e-09
785 3.809245e-09
786 2.659148e-09
787 1.863165e-09
788 1.323411e-09
789 9.539726e-10
790 6.958311e-10
791 5.093713e-10
792 3.700604e-10
793 2.637402e-10
794 1.825473e-10
795 1.220191e-10
796 7.860074e-11
797 4.879118e-11
798 3.664563e-08
799 3.113012e-08
800 2.537317e-08
801 1.997818e-08
802 1.534469e-08
803 1.152002e-08
804 8.380372e-09
805 5.891197e-09
806 4.100678e-09
807 2.860715e-09
808 2.000495e-09
809 1.418170e-09
810 1.020451e-09
811 7.434657e-10
812 5.441857e-10
813 3.957593e-10
814 2.826277e-10
815 1.962119e-10
816 1.315363e-10
817 8.499237e-11
818 5.292720e-11
819 3.902311e-08
820 3.328683e-08
821 2.721799e-08
822 2.148085e-08
823 1.653290e-08
824 1.243945e-08
825 9.073617e-09
826 6.382758e-09
827 4.440360e-09
828 3.095594e-09
829 2.160850e-09
830 1.528823e-09
831 1.097928e-09
832 7.989417e-10
833 5.847409e-10
834 4.257306e-10
835 3.046688e-10
836 2.120456e-10
837 1.426555e-10
838 9.248206e-11
839 5.774533e-11
840 3.389688e-08
841 2.870369e-08
842 2.334728e-08
843 1.835760e-08
844 1.407831e-08
845 1.054503e-08
846 7.663986e-09
847 5.394036e-09
848 3.756335e-09
849 2.623474e-09
850 1.837255e-09
851 1.304434e-09
852 9.394806e-10
853 6.844183e-10
854 5.004427e-10
855 3.632453e-10
856 2.587738e-10
857 1.791911e-10
858 1.198580e-10
859 7.731256e-11
860 4.808016e-11
861 3.719482e-08
862 3.176689e-08
863 2.603360e-08
864 2.059033e-08
865 1.585708e-08
866 1.193575e-08
867 8.727622e-09
868 6.169428e-09
869 4.291170e-09
870 2.993368e-09
871 2.089417e-09
872 1.477037e-09
873 1.058637e-09
874 7.684175e-10
875 5.610000e-10
876 4.075926e-10
877 2.913936e-10
878 2.028924e-10
879 1.366804e-10
880 8.880641e-11
881 5.564708e-11
882 4.010304e-08
883 3.447075e-08
884 2.840981e-08
885 2.256992e-08
886 1.743743e-08
887 1.317029e-08
888 9.673119e-09
889 6.859976e-09
890 4.769029e-09
891 3.323447e-09
892 2.314567e-09
893 1.630946e-09
894 1.164856e-09
895 8.432194e-10
896 6.147711e-10
897 4.469646e-10
898 3.203309e-10
899 2.238994e-10
900 1.515890e-10
901 9.905395e-11
902 6.238553e-11
903 4.285625e-08
904 3.703346e-08
905 3.066455e-08
906 2.444631e-08
907 1.894105e-08
908 1.434468e-08
909 1.057144e-08
910 7.516708e-09
911 5.223704e-09
912 3.636957e-09
913 2.528367e-09
914 1.776964e-09
915 1.265890e-09
916 9.143543e-10
917 6.659084e-10
918 4.843486e-10
919 3.477839e-10
920 2.438970e-10
921 1.657395e-10
922 1.087552e-10
923 6.878469e-11
924 4.607878e-08
925 4.003442e-08
926 3.330388e-08
927 2.664432e-08
928 2.069173e-08
929 1.571309e-08
930 1.162161e-08
931 8.282626e-09
932 5.754134e-09
933 4.003461e-09
934 2.778090e-09
935 1.947753e-09
936 1.383672e-09
937 9.972076e-10
938 7.255851e-10
939 5.280128e-10
940 3.798877e-10
941 2.671430e-10
942 1.822877e-10
943 1.200889e-10
944 7.625459e-11
945 4.138256e-08
946 3.573137e-08
947 2.958292e-08
948 2.358995e-08
949 1.827459e-08
950 1.383328e-08
951 1.019371e-08
952 7.259039e-09
953 5.049856e-09
954 3.515076e-09
955 2.446306e-09
956 1.719335e-09
957 1.224541e-09
958 8.841217e-10
959 6.432662e-10
960 4.673078e-10
961 3.351605e-10
962 2.348107e-10
963 1.595132e-10
964 1.046433e-10
965 6.621951e-11
966 4.516929e-08
967 3.933116e-08
968 3.282567e-08
969 2.635258e-08
970 2.050899e-08
971 1.559008e-08
972 1.155324e-08
973 8.274707e-09
974 5.763349e-09
975 4.004222e-09
976 2.782071e-09
977 1.946676e-09
978 1.379794e-09
979 9.917727e-10
980 7.195565e-10
981 5.224502e-10
982 3.754692e-10
983 2.641509e-10
984 1.805359e-10
985 1.193029e-10
986 7.604285e-11
987 4.877912e-08
988 4.277655e-08
989 3.593112e-08
990 2.899461e-08
991 2.265566e-08
992 1.728150e-08
993 1.286011e-08
994 9.253121e-09
995 6.451977e-09
996 4.475914e-09
997 3.105715e-09
998 2.165641e-09
999 1.529492e-09
1000 1.095551e-09
1001 7.930033e-10
1002 5.754494e-10
1003 4.141298e-10
1004 2.923506e-10
1005 2.006990e-10
1006 1.333411e-10
1007 8.548983e-11
1008 5.300060e-08
1009 4.679819e-08
1010 3.955885e-08
1011 3.208532e-08
1012 2.516132e-08
1013 1.925192e-08
1014 1.438727e-08
1015 1.039442e-08
1016 7.256075e-09
1017 5.027055e-09
1018 3.484131e-09
1019 2.421541e-09
1020 1.704351e-09
1021 1.216720e-09
1022 8.786941e-10
1023 6.373155e-10
1024 4.592844e-10
1025 3.251619e-10
1026 2.242644e-10
1027 1.497428e-10
1028 9.649384e-11
1029 4.993497e-08
1030 4.395125e-08
1031 3.706869e-08
1032 3.002906e-08
1033 2.353248e-08
1034 1.798493e-08
1035 1.341669e-08
1036 9.689946e-09
1037 6.775736e-09
1038 4.695310e-09
1039 3.258272e-09
1040 2.266858e-09
1041 1.597239e-09
1042 1.140926e-09
1043 8.238014e-10
1044 5.968527e-10
1045 4.293763e-10
1046 3.034020e-10
1047 2.087997e-10
1048 1.391845e-10
1049 8.959727e-11
1050 5.458547e-08
1051 4.848468e-08
1052 4.125675e-08
1053 3.368222e-08
1054 2.654913e-08
1055 2.038289e-08
1056 1.528281e-08
1057 1.111062e-08
1058 7.800688e-09
1059 5.396576e-09
1060 3.740506e-09
1061 2.591697e-09
1062 1.817502e-09
1063 1.291465e-09
1064 9.285791e-10
1065 6.712673e-10
1066 4.831204e-10
1067 3.424349e-10
1068 2.368557e-10
1069 1.589484e-10
1070 1.030832e-10
1071 6.004570e-08
1072 5.380426e-08
1073 4.617522e-08
1074 3.797193e-08
1075 3.009859e-08
1076 2.320261e-08
1077 1.748288e-08
1078 1.278535e-08
1079 9.010114e-09
1080 6.226238e-09
1081 4.309887e-09
1082 2.975352e-09
1083 2.077529e-09
1084 1.468986e-09
1085 1.052021e-09
1086 7.589337e-10
1087 5.463676e-10
1088 3.882441e-10
1089 2.698849e-10
1090 1.822333e-10
1091 1.189639e-10
1092 6.050798e-08
1093 5.436193e-08
1094 4.680306e-08
1095 3.862731e-08
1096 3.071103e-08
1097 2.372623e-08
1098 1.790130e-08
1099 1.312739e-08
1100 9.288404e-09
1101 6.423248e-09
1102 4.442848e-09
1103 3.066632e-09
1104 2.136902e-09
1105 1.507223e-09
1106 1.076505e-09
1107 7.747313e-10
1108 5.568872e-10
1109 3.956151e-10
1110 2.751507e-10
1111 1.861308e-10
1112 1.218688e-10
1113 6.762171e-08
1114 6.144713e-08
1115 5.352133e-08
1116 4.464853e-08
1117 3.581045e-08
1118 2.783940e-08
1119 2.113202e-08
1120 1.561713e-08
1121 1.113625e-08
1122 7.709311e-09
1123 5.319149e-09
1124 3.661344e-09
1125 2.534983e-09
1126 1.775502e-09
1127 1.259959e-09
1128 9.025245e-10
1129 6.475291e-10
1130 4.606231e-10
1131 3.219101e-10
1132 2.193370e-10
1133 1.448617e-10
1134 7.735181e-08
1135 7.137254e-08
1136 6.319312e-08
1137 5.359185e-08
1138 4.360801e-08
1139 3.427029e-08
1140 2.623344e-08
1141 1.958735e-08
1142 1.415572e-08
1143 9.871788e-09
1144 6.787241e-09
1145 4.663141e-09
1146 3.199933e-09
1147 2.219130e-09
1148 1.557507e-09
1149 1.105068e-09
1150 7.880042e-10
1151 5.596927e-10
1152 3.924266e-10
1153 2.694159e-10
1154 1.799020e-10
