0 2.441574e-09
1 1.808715e-09
2 1.311042e-09
3 9.371365e-10
4 6.700830e-10
5 4.835234e-10
6 3.529897e-10
7 2.608133e-10
8 1.941169e-10
9 1.443984e-10
10 1.064152e-10
11 7.705824e-11
12 5.445690e-11
13 3.739050e-11
14 2.488789e-11
15 1.605081e-11
16 1.005757e-11
17 6.145346e-12
18 3.675047e-12
19 2.167905e-12
20 1.274550e-12
21 4.098369e-09
22 3.088276e-09
23 2.272454e-09
24 1.634396e-09
25 1.162298e-09
26 8.301780e-10
27 5.986494e-10
28 4.372413e-10
29 3.232817e-10
30 2.405499e-10
31 1.786282e-10
32 1.312183e-10
33 9.454950e-11
34 6.641785e-11
35 4.528306e-11
36 2.990751e-11
37 1.914298e-11
38 1.190047e-11
39 7.209189e-12
40 4.280437e-12
41 2.515846e-12
42 4.716162e-09
43 3.572818e-09
44 2.642736e-09
45 1.908674e-09
46 1.358009e-09
47 9.672902e-10
48 6.952352e-10
49 5.057588e-10
50 3.727103e-10
51 2.768762e-10
52 2.057751e-10
53 1.516210e-10
54 1.097675e-10
55 7.759769e-11
56 5.329136e-11
57 3.546340e-11
58 2.286449e-11
59 1.430553e-11
60 8.711025e-12
61 5.189147e-12
62 3.054231e-12
63 5.059357e-09
64 3.842080e-09
65 2.849225e-09
66 2.061817e-09
67 1.467320e-09
68 1.043980e-09
69 7.492234e-10
70 5.440011e-10
71 4.002761e-10
72 2.971721e-10
73 2.209202e-10
74 1.629578e-10
75 1.182469e-10
76 8.382168e-11
77 5.775348e-11
78 3.856542e-11
79 2.494598e-11
80 1.565220e-11
81 9.552590e-12
82 5.699835e-12
83 3.357401e-12
84 5.290409e-09
85 4.023231e-09
86 2.987722e-09
87 2.164400e-09
88 1.540873e-09
89 1.095555e-09
90 7.855408e-10
91 5.697198e-10
92 4.188570e-10
93 3.108277e-10
94 2.310803e-10
95 1.705876e-10
96 1.239500e-10
97 8.800759e-11
98 6.075001e-11
99 4.064786e-11
100 2.634316e-11
101 1.655734e-11
102 1.011887e-11
103 6.043424e-12
104 3.561323e-12
105 5.463379e-09
106 4.159072e-09
107 3.091659e-09
108 2.241464e-09
109 1.595866e-09
110 1.134302e-09
111 8.127541e-10
112 5.890680e-10
113 4.327582e-10
114 3.210374e-10
115 2.387120e-10
116 1.763371e-10
117 1.282306e-10
118 9.115273e-11
119 6.300496e-11
120 4.221484e-11
121 2.739308e-11
122 1.723706e-11
123 1.054410e-11
124 6.301391e-12
125 3.714038e-12
126 5.603482e-09
127 4.268717e-09
128 3.175703e-09
129 2.303840e-09
130 1.640472e-09
131 1.165475e-09
132 8.348560e-10
133 6.046869e-10
134 4.440660e-10
135 3.293202e-10
136 2.448971e-10
137 1.809415e-10
138 1.316869e-10
139 9.369854e-11
140 6.482242e-11
141 4.348028e-11
142 2.824492e-11
143 1.778794e-11
144 1.088873e-11
145 6.510754e-12
146 3.837993e-12
147 5.727301e-09
148 4.365694e-09
149 3.250161e-09
150 2.359043e-09
151 1.679925e-09
152 1.193113e-09
153 8.541201e-10
154 6.184451e-10
155 4.539525e-10
156 3.365524e-10
157 2.503211e-10
158 1.850409e-10
159 1.347305e-10
160 9.592305e-11
161 6.642559e-11
162 4.459168e-11
163 2.898595e-11
164 1.826892e-11
165 1.118906e-11
166 6.692750e-12
167 3.946252e-12
168 5.844006e-09
169 4.457246e-09
170 3.320404e-09
171 2.411148e-09
172 1.716760e-09
173 1.219161e-09
174 8.725375e-10
175 6.314283e-10
176 4.632587e-10
177 3.434503e-10
178 2.554467e-10
179 1.888599e-10
180 1.376051e-10
181 9.802894e-11
182 6.793916e-11
183 4.563640e-11
184 2.969027e-11
185 1.872318e-11
186 1.147376e-11
187 6.865454e-12
188 4.048947e-12
189 5.977336e-09
190 4.561970e-09
191 3.401036e-09
192 2.471151e-09
193 1.759818e-09
194 1.249230e-09
195 8.937217e-10
196 6.463283e-10
197 4.740683e-10
198 3.514229e-10
199 2.613713e-10
200 1.933451e-10
201 1.409319e-10
202 1.004817e-10
203 6.970097e-11
204 4.686471e-11
205 3.050899e-11
206 1.925357e-11
207 1.180601e-11
208 7.067112e-12
209 4.168202e-12
210 8.349225e-09
211 6.444609e-09
212 4.861310e-09
213 3.572857e-09
214 2.555399e-09
215 1.805995e-09
216 1.283787e-09
217 9.204200e-10
218 6.696372e-10
219 4.934569e-10
220 3.667598e-10
221 2.724184e-10
222 2.003144e-10
223 1.445980e-10
224 1.017437e-10
225 6.950278e-11
226 4.594307e-11
227 2.938867e-11
228 1.822670e-11
229 1.099999e-11
230 6.514936e-12
231 1.054241e-08
232 8.216724e-09
233 6.253779e-09
234 4.646601e-09
235 3.354003e-09
236 2.371396e-09
237 1.677629e-09
238 1.195803e-09
239 8.626105e-10
240 6.317877e-10
241 4.676511e-10
242 3.473781e-10
243 2.565516e-10
244 1.866666e-10
245 1.327811e-10
246 9.182173e-11
247 6.153015e-11
248 3.988319e-11
249 2.502517e-11
250 1.525492e-11
251 9.093854e-12
252 1.184152e-08
253 9.274912e-09
254 7.089935e-09
255 5.291840e-09
256 3.837574e-09
257 2.717455e-09
258 1.918565e-09
259 1.364237e-09
260 9.805197e-10
261 7.154578e-10
262 5.285004e-10
263 3.924211e-10
264 2.902710e-10
265 2.118489e-10
266 1.514074e-10
267 1.053067e-10
268 7.098720e-11
269 4.629079e-11
270 2.921122e-11
271 1.789167e-11
272 1.070213e-11
273 1.272226e-08
274 9.993760e-09
275 7.657381e-09
276 5.730682e-09
277 4.166732e-09
278 2.952803e-09
279 2.082773e-09
280 1.478786e-09
281 1.060763e-09
282 7.725495e-10
283 5.698218e-10
284 4.231563e-10
285 3.131522e-10
286 2.289883e-10
287 1.640182e-10
288 1.144383e-10
289 7.741029e-11
290 5.065083e-11
291 3.206076e-11
292 1.968839e-11
293 1.179984e-11
294 1.338417e-08
295 1.053240e-08
296 8.082883e-09
297 6.060340e-09
298 4.413644e-09
299 3.129235e-09
300 2.205475e-09
301 1.564639e-09
302 1.120770e-09
303 8.152117e-10
304 6.008623e-10
305 4.460118e-10
306 3.303150e-10
307 2.418226e-10
308 1.735489e-10
309 1.213063e-10
310 8.222605e-11
311 5.391633e-11
312 3.419756e-11
313 2.103574e-11
314 1.262289e-11
315 1.391963e-08
316 1.096946e-08
317 8.427944e-09
318 6.326523e-09
319 4.613496e-09
320 3.272638e-09
321 2.305361e-09
322 1.634473e-09
323 1.169526e-09
324 8.499205e-10
325 6.261298e-10
326 4.646662e-10
327 3.442504e-10
328 2.521935e-10
329 1.812164e-10
330 1.268647e-10
331 8.614727e-11
332 5.656837e-11
333 3.593299e-11
334 2.212906e-11
335 1.328949e-11
336 1.438621e-08
337 1.134944e-08
338 8.728581e-09
339 6.558850e-09
340 4.787240e-09
341 3.397584e-09
342 2.392717e-09
343 1.695574e-09
344 1.212093e-09
345 8.803220e-10
346 6.479170e-10
347 4.808165e-10
348 3.564021e-10
349 2.612692e-10
350 1.878924e-10
351 1.317168e-10
352 8.954886e-11
353 5.888049e-11
354 3.744126e-11
355 2.308279e-11
356 1.387149e-11
357 1.483010e-08
358 1.171123e-08
359 9.014429e-09
360 6.780244e-09
361 4.953220e-09
362 3.515489e-09
363 2.475329e-09
364 1.753290e-09
365 1.252386e-09
366 9.089400e-10
367 6.688643e-10
368 4.962427e-10
369 3.678762e-10
370 2.698710e-10
371 1.943011e-10
372 1.363116e-10
373 9.277681e-11
374 6.107718e-11
375 3.887569e-11
376 2.398351e-11
377 1.442416e-11
378 1.534538e-08
379 1.213191e-08
380 9.347357e-09
381 7.037226e-09
382 5.146278e-09
383 3.653903e-09
384 2.571321e-09
385 1.820240e-09
386 1.299763e-09
387 9.425097e-10
388 6.931791e-10
389 5.142233e-10
390 3.813189e-10
391 2.799474e-10
392 2.016871e-10
393 1.416654e-10
394 9.653683e-11
395 6.362567e-11
396 4.054999e-11
397 2.504200e-11
398 1.506802e-11
399 1.429357e-08
400 1.131980e-08
401 8.724143e-09
402 6.574324e-09
403 4.823163e-09
404 3.436640e-09
405 2.418356e-09
406 1.712963e-09
407 1.222045e-09
408 8.847303e-10
409 6.493099e-10
410 4.806720e-10
411 3.559452e-10
412 2.610790e-10
413 1.881502e-10
414 1.323088e-10
415 9.031471e-11
416 5.968551e-11
417 3.813730e-11
418 2.362358e-11
419 1.425514e-11
420 1.679263e-08
421 1.342403e-08
422 1.042092e-08
423 7.904340e-09
424 5.847118e-09
425 4.196059e-09
426 2.951328e-09
427 2.082472e-09
428 1.478905e-09
429 1.063917e-09
430 7.766852e-10
431 5.731434e-10
432 4.243121e-10
433 3.121696e-10
434 2.261720e-10
435 1.602107e-10
436 1.103957e-10
437 7.367337e-11
438 4.754359e-11
439 2.972007e-11
440 1.806534e-11
441 1.853457e-08
442 1.490143e-08
443 1.161568e-08
444 8.843696e-09
445 6.572898e-09
446 4.735753e-09
447 3.333272e-09
448 2.346688e-09
449 1.662930e-09
450 1.192010e-09
451 8.674037e-10
452 6.388557e-10
453 4.726772e-10
454 3.481781e-10
455 2.530227e-10
456 1.799691e-10
457 1.245972e-10
458 8.360764e-11
459 5.425588e-11
460 3.408447e-11
461 2.080875e-11
462 1.984699e-08
463 1.601568e-08
464 1.251624e-08
465 9.553469e-09
466 7.118681e-09
467 5.142964e-09
468 3.621115e-09
469 2.546541e-09
470 1.801943e-09
471 1.288751e-09
472 9.358930e-10
473 6.882271e-10
474 5.092543e-10
475 3.754037e-10
476 2.732386e-10
477 1.948866e-10
478 1.353379e-10
479 9.111683e-11
480 5.931608e-11
481 3.738328e-11
482 2.288331e-11
483 2.091608e-08
484 1.691887e-08
485 1.324917e-08
486 1.012888e-08
487 7.562238e-09
488 5.473240e-09
489 3.854959e-09
490 2.708803e-09
491 1.914678e-09
492 1.367145e-09
493 9.915209e-10
494 7.285404e-10
495 5.387334e-10
496 3.973810e-10
497 2.896498e-10
498 2.069799e-10
499 1.440514e-10
500 9.718485e-11
501 6.341533e-11
502 4.006392e-11
503 2.456162e-11
504 2.184627e-08
505 1.770750e-08
506 1.388911e-08
507 1.063156e-08
508 7.950227e-09
509 5.761008e-09
510 4.058938e-09
511 2.850348e-09
512 2.013182e-09
513 1.435477e-09
514 1.040038e-09
515 7.635451e-10
516 5.645690e-10
517 4.166648e-10
518 3.039851e-10
519 2.175095e-10
520 1.516298e-10
521 1.025009e-10
522 6.700809e-11
523 4.239647e-11
524 2.602951e-11
525 2.272477e-08
526 1.845233e-08
527 1.449154e-08
528 1.110580e-08
529 8.316403e-09
530 6.034898e-09
531 4.251385e-09
532 2.984168e-09
533 2.106283e-09
534 1.500588e-09
535 1.086014e-09
536 7.966662e-10
537 5.890902e-10
538 4.348628e-10
539 3.175678e-10
540 2.274920e-10
541 1.588235e-10
542 1.075367e-10
543 7.040489e-11
544 4.460517e-11
545 2.742279e-11
546 2.375489e-08
547 1.932586e-08
548 1.519963e-08
549 1.166132e-08
550 8.744753e-09
551 6.354050e-09
552 4.477942e-09
553 3.141112e-09
554 2.215264e-09
555 1.576410e-09
556 1.139659e-09
557 8.356072e-10
558 6.176430e-10
559 4.561551e-10
560 3.334222e-10
561 2.391576e-10
562 1.672396e-10
563 1.134209e-10
564 7.436545e-11
565 4.719345e-11
566 2.904781e-11
567 2.046962e-08
568 1.659968e-08
569 1.302296e-08
570 9.963763e-09
571 7.448554e-09
572 5.409055e-09
573 3.818765e-09
574 2.681419e-09
575 1.895830e-09
576 1.351574e-09
577 9.785881e-10
578 7.177070e-10
579 5.299867e-10
580 3.906440e-10
581 2.846710e-10
582 2.034953e-10
583 1.418362e-10
584 9.590384e-11
585 6.273840e-11
586 3.973781e-11
587 2.443753e-11
588 2.320673e-08
589 1.899545e-08
590 1.500621e-08
591 1.154591e-08
592 8.681928e-09
593 6.348935e-09
594 4.502816e-09
595 3.154197e-09
596 2.224521e-09
597 1.578234e-09
598 1.136731e-09
599 8.301633e-10
600 6.115043e-10
601 4.507481e-10
602 3.293983e-10
603 2.365898e-10
604 1.659533e-10
605 1.130777e-10
606 7.459981e-11
607 4.761971e-11
608 2.949879e-11
609 2.529890e-08
610 2.083631e-08
611 1.654064e-08
612 1.276695e-08
613 9.637693e-09
614 7.078361e-09
615 5.034832e-09
616 3.524340e-09
617 2.480828e-09
618 1.755346e-09
619 1.259991e-09
620 9.173056e-10
621 6.748737e-10
622 4.973828e-10
623 3.639680e-10
624 2.622281e-10
625 1.846611e-10
626 1.263828e-10
627 8.376616e-11
628 5.376328e-11
629 3.345443e-11
630 2.700894e-08
631 2.233362e-08
632 1.778961e-08
633 1.376559e-08
634 1.041491e-08
635 7.672768e-09
636 5.469164e-09
637 3.826467e-09
638 2.689946e-09
639 1.899712e-09
640 1.360576e-09
641 9.886853e-10
642 7.262064e-10
643 5.352903e-10
644 3.922269e-10
645 2.830861e-10
646 1.998935e-10
647 1.372265e-10
648 9.125147e-11
649 5.876294e-11
650 3.667520e-11
651 2.849725e-08
652 2.364210e-08
653 1.887724e-08
654 1.463592e-08
655 1.109448e-08
656 8.191845e-09
657 5.848547e-09
658 4.090072e-09
659 2.872717e-09
660 2.025873e-09
661 1.448278e-09
662 1.050842e-09
663 7.713547e-10
664 5.684115e-10
665 4.167904e-10
666 3.012694e-10
667 2.131139e-10
668 1.466957e-10
669 9.779385e-11
670 6.312785e-11
671 3.948998e-11
672 2.990109e-08
673 2.487834e-08
674 1.990651e-08
675 1.545870e-08
676 1.173734e-08
677 8.684102e-09
678 6.206891e-09
679 4.339520e-09
680 3.045178e-09
681 2.145144e-09
682 1.531345e-09
683 1.109745e-09
684 8.139212e-10
685 5.997767e-10
686 4.400065e-10
687 3.185416e-10
688 2.257368e-10
689 1.556521e-10
690 1.039804e-10
691 6.725162e-11
692 4.215183e-11
693 3.155513e-08
694 2.632809e-08
695 2.111113e-08
696 1.642109e-08
697 1.248811e-08
698 9.256954e-09
699 6.627129e-09
700 4.631003e-09
701 3.247485e-09
702 2.284651e-09
703 1.628422e-09
704 1.178403e-09
705 8.636640e-10
706 6.363875e-10
707 4.672616e-10
708 3.386410e-10
709 2.403982e-10
710 1.661286e-10
711 1.112269e-10
712 7.209744e-11
713 4.527795e-11
714 2.693475e-08
715 2.233061e-08
716 1.783137e-08
717 1.382087e-08
718 1.046692e-08
719 7.726621e-09
720 5.525776e-09
721 3.868942e-09
722 2.718065e-09
723 1.918602e-09
724 1.371780e-09
725 9.950479e-10
726 7.297212e-10
727 5.371990e-10
728 3.934261e-10
729 2.840079e-10
730 2.007399e-10
731 1.380879e-10
732 9.205949e-11
733 5.940605e-11
734 3.719024e-11
735 2.991348e-08
736 2.502028e-08
737 2.012669e-08
738 1.568551e-08
739 1.193583e-08
740 8.861920e-09
741 6.376333e-09
742 4.470292e-09
743 3.131139e-09
744 2.204792e-09
745 1.568134e-09
746 1.132149e-09
747 8.276936e-10
748 6.083737e-10
749 4.458013e-10
750 3.228678e-10
751 2.292489e-10
752 1.585879e-10
753 1.064324e-10
754 6.921034e-11
755 4.362188e-11
756 3.236242e-08
757 2.724416e-08
758 2.202644e-08
759 1.723117e-08
760 1.315457e-08
761 9.805801e-09
762 7.084640e-09
763 4.972457e-09
764 3.476426e-09
765 2.443897e-09
766 1.732309e-09
767 1.246759e-09
768 9.088457e-10
769 6.674263e-10
770 4.893982e-10
771 3.550069e-10
772 2.528467e-10
773 1.756368e-10
774 1.183963e-10
775 7.735083e-11
776 4.897993e-11
777 3.450204e-08
778 2.917968e-08
779 2.368712e-08
780 1.858617e-08
781 1.422107e-08
782 1.063071e-08
783 7.704433e-09
784 5.411529e-09
785 3.779188e-09
786 2.653095e-09
787 1.875820e-09
788 1.346990e-09
789 9.802127e-10
790 7.192520e-10
791 5.274226e-10
792 3.831272e-10
793 2.734672e-10
794 1.905274e-10
795 1.288415e-10
796 8.446896e-11
797 5.366937e-11
798 3.652767e-08
799 3.102164e-08
800 2.526460e-08
801 1.986889e-08
802 1.523447e-08
803 1.141642e-08
804 8.292705e-09
805 5.829918e-09
806 4.066240e-09
807 2.852098e-09
808 2.012448e-09
809 1.442023e-09
810 1.047972e-09
811 7.682398e-10
812 5.634984e-10
813 4.098870e-10
814 2.930902e-10
815 2.046392e-10
816 1.387815e-10
817 9.123210e-11
818 5.811971e-11
819 3.890414e-08
820 3.317386e-08
821 2.710648e-08
822 2.136967e-08
823 1.641516e-08
824 1.232990e-08
825 8.979178e-09
826 6.316321e-09
827 4.401387e-09
828 3.083659e-09
829 2.171383e-09
830 1.553012e-09
831 1.126792e-09
832 8.254317e-10
833 6.057164e-10
834 4.410411e-10
835 3.159231e-10
836 2.211498e-10
837 1.503730e-10
838 9.913240e-11
839 6.333615e-11
840 3.378965e-08
841 2.859982e-08
842 2.324421e-08
843 1.825473e-08
844 1.397521e-08
845 1.044933e-08
846 7.584482e-09
847 5.339323e-09
848 3.727439e-09
849 2.617866e-09
850 1.849795e-09
851 1.327226e-09
852 9.648558e-10
853 7.070683e-10
854 5.179681e-10
855 3.761377e-10
856 2.684271e-10
857 1.870146e-10
858 1.265777e-10
859 8.307157e-11
860 5.284860e-11
861 3.708142e-08
862 3.165960e-08
863 2.592532e-08
864 2.048159e-08
865 1.574891e-08
866 1.183285e-08
867 8.640349e-09
868 6.107224e-09
869 4.255979e-09
870 2.983091e-09
871 2.099114e-09
872 1.499203e-09
873 1.085140e-09
874 7.931731e-10
875 5.808585e-10
876 4.222689e-10
877 3.023359e-10
878 2.116600e-10
879 1.440692e-10
880 9.517391e-11
881 6.094306e-11
882 3.998344e-08
883 3.435358e-08
884 2.829783e-08
885 2.245832e-08
886 1.732454e-08
887 1.306145e-08
888 9.579630e-09
889 6.790822e-09
890 4.728388e-09
891 3.308441e-09
892 2.321882e-09
893 1.652619e-09
894 1.192572e-09
895 8.697538e-10
896 6.365555e-10
897 4.632110e-10
898 3.323672e-10
899 2.334892e-10
900 1.595843e-10
901 1.058959e-10
902 6.814190e-11
903 4.272730e-08
904 3.691570e-08
905 3.054849e-08
906 2.433067e-08
907 1.882135e-08
908 1.423082e-08
909 1.047138e-08
910 7.442064e-09
911 5.177238e-09
912 3.618534e-09
913 2.533845e-09
914 1.798281e-09
915 1.294456e-09
916 9.426442e-10
917 6.894266e-10
918 5.021571e-10
919 3.609824e-10
920 2.542044e-10
921 1.743536e-10
922 1.160931e-10
923 7.497754e-11
924 4.594676e-08
925 3.991040e-08
926 3.318351e-08
927 2.652340e-08
928 2.056870e-08
929 1.559339e-08
930 1.151318e-08
931 8.200656e-09
932 5.701540e-09
933 3.979770e-09
934 2.780897e-09
935 1.968617e-09
936 1.413485e-09
937 1.027533e-09
938 7.512761e-10
939 5.475791e-10
940 3.942862e-10
941 2.784421e-10
942 1.915560e-10
943 1.279963e-10
944 8.298388e-11
945 4.126196e-08
946 3.561527e-08
947 2.946619e-08
948 2.347642e-08
949 1.816100e-08
950 1.372344e-08
951 1.009785e-08
952 7.187307e-09
953 5.006807e-09
954 3.498290e-09
955 2.452027e-09
956 1.740228e-09
957 1.251935e-09
958 9.112045e-10
959 6.658188e-10
960 4.843912e-10
961 3.479103e-10
962 2.448553e-10
963 1.678337e-10
964 1.117610e-10
965 7.218183e-11
966 4.503641e-08
967 3.920922e-08
968 3.271252e-08
969 2.623406e-08
970 2.039071e-08
971 1.547426e-08
972 1.145067e-08
973 8.195237e-09
974 5.713675e-09
975 3.981696e-09
976 2.784205e-09
977 1.966055e-09
978 1.407981e-09
979 1.020884e-09
980 7.445426e-10
981 5.417095e-10
982 3.898332e-10
983 2.753970e-10
984 1.897103e-10
985 1.270563e-10
986 8.260955e-11
987 4.864003e-08
988 4.264997e-08
989 3.580804e-08
990 2.887356e-08
991 2.253263e-08
992 1.716028e-08
993 1.275045e-08
994 9.166865e-09
995 6.395182e-09
996 4.448655e-09
997 3.104591e-09
998 2.183787e-09
999 1.558101e-09
1000 1.126304e-09
1001 8.201621e-10
1002 5.967894e-10
1003 4.301379e-10
1004 3.046907e-10
1005 2.107203e-10
1006 1.417678e-10
1007 9.261880e-11
1008 5.285695e-08
1009 4.665942e-08
1010 3.943050e-08
1011 3.195442e-08
1012 2.503204e-08
1013 1.912484e-08
1014 1.426843e-08
1015 1.029993e-08
1016 7.191616e-09
1017 4.993748e-09
1018 3.478895e-09
1019 2.438247e-09
1020 1.733798e-09
1021 1.249576e-09
1022 9.085638e-10
1023 6.611061e-10
1024 4.771356e-10
1025 3.389288e-10
1026 2.352775e-10
1027 1.589440e-10
1028 1.043348e-10
1029 4.979388e-08
1030 4.382216e-08
1031 3.694437e-08
1032 2.990593e-08
1033 2.340961e-08
1034 1.786344e-08
1035 1.330660e-08
1036 9.601676e-09
1037 6.717740e-09
1038 4.666308e-09
1039 3.255556e-09
1040 2.284006e-09
1041 1.625522e-09
1042 1.171939e-09
1043 8.515825e-10
1044 6.189837e-10
1045 4.460440e-10
1046 3.163083e-10
1047 2.191670e-10
1048 1.478376e-10
1049 9.689834e-11
1050 5.443653e-08
1051 4.834987e-08
1052 4.112706e-08
1053 3.355610e-08
1054 2.642248e-08
1055 2.025626e-08
1056 1.516576e-08
1057 1.101515e-08
1058 7.734653e-09
1059 5.361647e-09
1060 3.733416e-09
1061 2.606629e-09
1062 1.845582e-09
1063 1.323995e-09
1064 9.588662e-10
1065 6.960086e-10
1066 5.020303e-10
1067 3.569458e-10
1068 2.484218e-10
1069 1.685161e-10
1070 1.111596e-10
1071 5.989064e-08
1072 5.365954e-08
1073 4.603398e-08
1074 3.783815e-08
1075 2.996478e-08
1076 2.307092e-08
1077 1.735681e-08
1078 1.268104e-08
1079 8.935451e-09
1080 6.183980e-09
1081 4.297532e-09
1082 2.987896e-09
1083 2.105799e-09
1084 1.503563e-09
1085 1.085428e-09
1086 7.868461e-10
1087 5.678608e-10
1088 4.047878e-10
1089 2.828330e-10
1090 1.928295e-10
1091 1.279600e-10
1092 6.035452e-08
1093 5.421901e-08
1094 4.666686e-08
1095 3.849597e-08
1096 3.058036e-08
1097 2.359500e-08
1098 1.777800e-08
1099 1.302395e-08
1100 9.214469e-09
1101 6.381574e-09
1102 4.430379e-09
1103 3.078516e-09
1104 2.164308e-09
1105 1.541163e-09
1106 1.109707e-09
1107 8.028091e-10
1108 5.787784e-10
1109 4.124401e-10
1110 2.883896e-10
1111 1.969324e-10
1112 1.309415e-10
1113 6.745970e-08
1114 6.129121e-08
1115 5.337184e-08
1116 4.450899e-08
1117 3.567173e-08
1118 2.770295e-08
1119 2.100006e-08
1120 1.550488e-08
1121 1.105280e-08
1122 7.659771e-09
1123 5.300836e-09
1124 3.669909e-09
1125 2.561915e-09
1126 1.811378e-09
1127 1.296598e-09
1128 9.345611e-10
1129 6.729364e-10
1130 4.803375e-10
1131 3.371999e-10
1132 2.315855e-10
1133 1.551581e-10
1134 7.717149e-08
1135 7.120437e-08
1136 6.303816e-08
1137 5.344517e-08
1138 4.346504e-08
1139 3.413038e-08
1140 2.609646e-08
1141 1.946797e-08
1142 1.406308e-08
1143 9.814994e-09
1144 6.762950e-09
1145 4.668124e-09
1146 3.225998e-09
1147 2.256886e-09
1148 1.598089e-09
1149 1.141872e-09
1150 8.183010e-10
1151 5.835866e-10
1152 4.108601e-10
1153 2.839659e-10
1154 1.919517e-10
