0 2.465053e-09
1 1.828203e-09
2 1.324635e-09
3 9.444198e-10
4 6.713896e-10
5 4.804153e-10
6 3.475159e-10
7 2.549449e-10
8 1.891238e-10
9 1.408213e-10
10 1.041648e-10
11 7.574713e-11
12 5.372495e-11
13 3.693988e-11
14 2.458932e-11
15 1.585930e-11
16 9.937955e-12
17 6.072693e-12
18 3.630012e-12
19 2.128345e-12
20 1.226585e-12
21 4.132545e-09
22 3.119538e-09
23 2.298101e-09
24 1.651881e-09
25 1.171055e-09
26 8.311634e-10
27 5.940512e-10
28 4.298225e-10
29 3.155805e-10
30 2.342072e-10
31 1.742219e-10
32 1.284828e-10
33 9.298799e-11
34 6.548478e-11
35 4.467930e-11
36 2.949787e-11
37 1.887470e-11
38 1.174254e-11
39 7.128313e-12
40 4.235798e-12
41 2.470054e-12
42 4.753481e-09
43 3.607521e-09
44 2.672264e-09
45 1.929715e-09
46 1.369895e-09
47 9.703825e-10
48 6.916137e-10
49 4.982540e-10
50 3.643102e-10
51 2.696508e-10
52 2.005463e-10
53 1.482740e-10
54 1.078445e-10
55 7.645027e-11
56 5.255625e-11
57 3.496663e-11
58 2.253329e-11
59 1.410645e-11
60 8.609939e-12
61 5.139894e-12
62 3.009746e-12
63 5.098586e-09
64 3.878896e-09
65 2.880626e-09
66 2.084908e-09
67 1.480856e-09
68 1.048229e-09
69 7.461742e-10
70 5.365747e-10
71 3.915853e-10
72 2.894739e-10
73 2.152131e-10
74 1.592781e-10
75 1.160767e-10
76 8.253980e-11
77 5.693591e-11
78 3.800798e-11
79 2.457153e-11
80 1.542789e-11
81 9.438985e-12
82 5.647158e-12
83 3.312857e-12
84 5.330524e-09
85 4.061049e-09
86 3.020677e-09
87 2.189073e-09
88 1.555513e-09
89 1.100601e-09
90 7.828408e-10
91 5.623145e-10
92 4.099398e-10
93 3.027768e-10
94 2.250578e-10
95 1.666975e-10
96 1.216213e-10
97 8.664870e-11
98 5.988795e-11
99 4.005784e-11
100 2.594841e-11
101 1.631744e-11
102 9.998402e-12
103 5.988951e-12
104 3.517022e-12
105 5.504478e-09
106 4.198010e-09
107 3.125717e-09
108 2.267046e-09
109 1.611237e-09
110 1.139898e-09
111 8.103018e-10
112 5.816017e-10
113 4.236596e-10
114 3.127308e-10
115 2.324809e-10
116 1.722268e-10
117 1.258017e-10
118 8.973781e-11
119 6.210933e-11
120 4.160155e-11
121 2.697608e-11
122 1.698357e-11
123 1.041576e-11
124 6.243750e-12
125 3.669296e-12
126 5.645174e-09
127 4.308447e-09
128 3.210483e-09
129 2.330404e-09
130 1.656670e-09
131 1.171641e-09
132 8.326562e-10
133 5.973033e-10
134 4.348083e-10
135 3.208610e-10
136 2.384889e-10
137 1.767583e-10
138 1.291973e-10
139 9.222439e-11
140 6.390372e-11
141 4.285058e-11
142 2.781616e-11
143 1.752632e-11
144 1.075518e-11
145 6.451500e-12
146 3.793437e-12
147 5.769499e-09
148 4.405976e-09
149 3.285949e-09
150 2.386136e-09
151 1.696460e-09
152 1.199651e-09
153 8.521426e-10
154 6.109764e-10
155 4.445668e-10
156 3.279350e-10
157 2.437598e-10
158 1.806594e-10
159 1.321029e-10
160 9.438090e-11
161 6.544626e-11
162 4.393938e-11
163 2.854572e-11
164 1.800124e-11
165 1.105479e-11
166 6.629753e-12
167 3.899980e-12
168 5.886988e-09
169 4.498275e-09
170 3.356627e-09
171 2.438930e-09
172 1.734209e-09
173 1.225921e-09
174 8.707636e-10
175 6.240421e-10
176 4.537967e-10
177 3.346247e-10
178 2.487580e-10
179 1.844520e-10
180 1.349003e-10
181 9.644864e-11
182 6.696455e-11
183 4.498053e-11
184 2.924400e-11
185 1.845095e-11
186 1.133700e-11
187 6.807306e-12
188 4.006067e-12
189 6.020935e-09
190 4.603758e-09
191 3.437802e-09
192 2.499551e-09
193 1.777739e-09
194 1.256622e-09
195 8.921119e-10
196 6.390047e-10
197 4.645355e-10
198 3.424259e-10
199 2.544765e-10
200 1.888184e-10
201 1.382307e-10
202 9.890060e-11
203 6.869030e-11
204 4.616778e-11
205 3.004755e-11
206 1.897096e-11
207 1.166231e-11
208 7.005489e-12
209 4.124524e-12
210 8.402595e-09
211 6.496518e-09
212 4.910571e-09
213 3.614753e-09
214 2.585477e-09
215 1.822809e-09
216 1.288129e-09
217 9.150436e-10
218 6.588796e-10
219 4.817827e-10
220 3.568061e-10
221 2.653473e-10
222 1.959057e-10
223 1.419991e-10
224 1.001716e-10
225 6.842422e-11
226 4.519155e-11
227 2.890925e-11
228 1.797305e-11
229 1.089950e-11
230 6.469562e-12
231 1.060103e-08
232 8.276562e-09
233 6.312057e-09
234 4.698563e-09
235 3.394468e-09
236 2.397306e-09
237 1.688601e-09
238 1.194148e-09
239 8.526726e-10
240 6.185745e-10
241 4.552703e-10
242 3.379287e-10
243 2.503034e-10
244 1.828893e-10
245 1.305117e-10
246 9.034670e-11
247 6.049099e-11
248 3.919114e-11
249 2.463872e-11
250 1.508644e-11
251 9.028417e-12
252 1.190471e-08
253 9.338857e-09
254 7.152679e-09
255 5.350152e-09
256 3.884449e-09
257 2.748442e-09
258 1.933603e-09
259 1.365099e-09
260 9.712603e-10
261 7.016951e-10
262 5.148699e-10
263 3.816126e-10
264 2.829285e-10
265 2.073754e-10
266 1.487099e-10
267 1.035566e-10
268 6.976660e-11
269 4.546928e-11
270 2.873720e-11
271 1.767640e-11
272 1.062013e-11
273 1.278867e-08
274 1.006024e-08
275 7.723666e-09
276 5.792815e-09
277 4.217427e-09
278 2.987035e-09
279 2.100290e-09
280 1.481338e-09
281 1.052083e-09
282 7.584041e-10
283 5.554711e-10
284 4.113429e-10
285 3.050906e-10
286 2.240037e-10
287 1.610690e-10
288 1.125320e-10
289 7.607708e-11
290 4.974505e-11
291 3.153157e-11
292 1.944405e-11
293 1.170728e-11
294 1.345188e-08
295 1.060155e-08
296 8.151892e-09
297 6.124815e-09
298 4.466925e-09
299 3.166510e-09
300 2.225114e-09
301 1.568602e-09
302 1.112527e-09
303 8.009269e-10
304 5.858174e-10
305 4.335713e-10
306 3.216687e-10
307 2.364623e-10
308 1.703380e-10
309 1.192636e-10
310 8.080850e-11
311 5.294791e-11
312 3.362194e-11
313 2.076638e-11
314 1.252052e-11
315 1.398884e-08
316 1.103995e-08
317 8.498847e-09
318 6.392963e-09
319 4.669190e-09
320 3.312260e-09
321 2.326932e-09
322 1.639108e-09
323 1.161619e-09
324 8.354215e-10
325 6.105234e-10
326 4.516495e-10
327 3.351543e-10
328 2.465583e-10
329 1.778318e-10
330 1.247111e-10
331 8.462953e-11
332 5.553847e-11
333 3.531802e-11
334 2.184140e-11
335 1.318186e-11
336 1.445658e-08
337 1.142100e-08
338 8.801260e-09
339 6.627418e-09
340 4.845576e-09
341 3.438751e-09
342 2.415657e-09
343 1.701248e-09
344 1.204658e-09
345 8.653766e-10
346 6.319067e-10
347 4.673497e-10
348 3.469053e-10
349 2.553723e-10
350 1.843723e-10
351 1.294611e-10
352 8.797625e-11
353 5.780726e-11
354 3.680042e-11
355 2.277704e-11
356 1.375716e-11
357 1.490185e-08
358 1.178409e-08
359 9.088697e-09
360 6.850567e-09
361 5.013699e-09
362 3.559112e-09
363 2.499542e-09
364 1.759571e-09
365 1.245092e-09
366 8.940348e-10
367 6.523868e-10
368 4.823386e-10
369 3.580879e-10
370 2.637621e-10
371 1.906172e-10
372 1.339894e-10
373 9.115931e-11
374 5.996419e-11
375 3.821029e-11
376 2.366906e-11
377 1.430307e-11
378 1.541901e-08
379 1.220653e-08
380 9.423358e-09
381 7.109853e-09
382 5.208941e-09
383 3.698849e-09
384 2.597132e-09
385 1.827843e-09
386 1.292714e-09
387 9.273802e-10
388 6.762046e-10
389 4.997837e-10
390 3.710483e-10
391 2.735018e-10
392 1.978571e-10
393 1.392476e-10
394 9.485602e-11
395 6.246943e-11
396 3.984149e-11
397 2.470108e-11
398 1.494040e-11
399 1.436294e-08
400 1.138933e-08
401 8.794514e-09
402 6.639943e-09
403 4.879615e-09
404 3.477789e-09
405 2.441696e-09
406 1.719993e-09
407 1.216262e-09
408 8.714620e-10
409 6.340586e-10
410 4.675099e-10
411 3.463488e-10
412 2.549694e-10
413 1.844523e-10
414 1.299754e-10
415 8.873295e-11
416 5.859113e-11
417 3.747289e-11
418 2.328838e-11
419 1.411562e-11
420 1.686691e-08
421 1.349939e-08
422 1.049654e-08
423 7.978790e-09
424 5.912385e-09
425 4.246200e-09
426 2.982722e-09
427 2.095751e-09
428 1.477025e-09
429 1.051688e-09
430 7.603742e-10
431 5.578692e-10
432 4.125431e-10
433 3.043060e-10
434 2.213662e-10
435 1.572736e-10
436 1.084177e-10
437 7.231105e-11
438 4.668536e-11
439 2.925618e-11
440 1.786015e-11
441 1.861356e-08
442 1.498058e-08
443 1.169588e-08
444 8.923578e-09
445 6.643628e-09
446 4.792574e-09
447 3.370187e-09
448 2.364567e-09
449 1.663430e-09
450 1.180518e-09
451 8.504978e-10
452 6.221450e-10
453 4.594242e-10
454 3.391492e-10
455 2.474041e-10
456 1.765406e-10
457 1.223434e-10
458 8.205228e-11
459 5.325440e-11
460 3.352984e-11
461 2.055214e-11
462 1.992939e-08
463 1.609797e-08
464 1.260161e-08
465 9.636686e-09
466 7.195113e-09
467 5.204147e-09
468 3.662790e-09
469 2.567727e-09
470 1.804366e-09
471 1.277841e-09
472 9.185697e-10
473 6.705950e-10
474 4.948019e-10
475 3.654301e-10
476 2.670385e-10
477 1.910691e-10
478 1.328466e-10
479 8.940497e-11
480 5.821597e-11
481 3.675994e-11
482 2.258804e-11
483 2.100072e-08
484 1.700379e-08
485 1.333561e-08
486 1.021465e-08
487 7.642198e-09
488 5.539593e-09
489 3.899925e-09
490 2.732479e-09
491 1.918982e-09
492 1.356750e-09
493 9.738135e-10
494 7.099701e-10
495 5.235007e-10
496 3.867468e-10
497 2.829604e-10
498 2.028484e-10
499 1.413629e-10
500 9.536356e-11
501 6.223700e-11
502 3.937807e-11
503 2.423993e-11
504 2.193333e-08
505 1.779395e-08
506 1.397761e-08
507 1.072044e-08
508 8.033345e-09
509 5.830459e-09
510 4.106511e-09
511 2.876289e-09
512 2.018640e-09
513 1.425683e-09
514 1.021918e-09
515 7.442750e-10
516 5.485495e-10
517 4.053425e-10
518 2.968525e-10
519 2.131293e-10
520 1.487971e-10
521 1.005671e-10
522 6.574844e-11
523 4.166420e-11
524 2.567955e-11
525 2.281317e-08
526 1.854079e-08
527 1.458266e-08
528 1.119690e-08
529 8.403389e-09
530 6.107475e-09
531 4.302683e-09
532 3.012157e-09
533 2.113030e-09
534 1.490763e-09
535 1.067498e-09
536 7.767340e-10
537 5.722684e-10
538 4.229760e-10
539 3.100255e-10
540 2.228813e-10
541 1.558467e-10
542 1.054968e-10
543 6.907412e-11
544 4.382880e-11
545 2.704357e-11
546 2.384728e-08
547 1.941653e-08
548 1.529217e-08
549 1.175620e-08
550 8.836001e-09
551 6.430021e-09
552 4.532051e-09
553 3.171250e-09
554 2.223819e-09
555 1.567427e-09
556 1.121018e-09
557 8.147967e-10
558 6.000511e-10
559 4.436048e-10
560 3.254349e-10
561 2.342786e-10
562 1.640885e-10
563 1.112700e-10
564 7.297154e-11
565 4.636044e-11
566 2.863974e-11
567 2.055283e-08
568 1.668259e-08
569 1.310634e-08
570 1.004752e-08
571 7.525151e-09
572 5.472132e-09
573 3.862174e-09
574 2.704169e-09
575 1.900727e-09
576 1.342414e-09
577 9.621338e-10
578 7.001241e-10
579 5.152395e-10
580 3.801036e-10
581 2.779658e-10
582 1.993895e-10
583 1.391765e-10
584 9.410786e-11
585 6.158048e-11
586 3.906423e-11
587 2.410186e-11
588 2.329585e-08
589 1.908356e-08
590 1.509774e-08
591 1.163614e-08
592 8.766531e-09
593 6.420781e-09
594 4.554310e-09
595 3.184339e-09
596 2.234614e-09
597 1.571715e-09
598 1.120608e-09
599 8.110891e-10
600 5.946581e-10
601 4.382597e-10
602 3.211862e-10
603 2.315343e-10
604 1.627456e-10
605 1.109338e-10
606 7.318760e-11
607 4.678289e-11
608 2.905888e-11
609 2.539377e-08
610 2.092870e-08
611 1.663107e-08
612 1.286316e-08
613 9.727792e-09
614 7.156618e-09
615 5.093790e-09
616 3.560052e-09
617 2.494668e-09
618 1.750950e-09
619 1.244335e-09
620 8.974805e-10
621 6.563936e-10
622 4.833581e-10
623 3.546387e-10
624 2.563958e-10
625 1.809834e-10
626 1.239758e-10
627 8.220742e-11
628 5.279891e-11
629 3.293382e-11
630 2.710643e-08
631 2.243269e-08
632 1.788331e-08
633 1.386299e-08
634 1.050950e-08
635 7.757181e-09
636 5.533435e-09
637 3.866463e-09
638 2.707299e-09
639 1.897230e-09
640 1.345267e-09
641 9.681139e-10
642 7.066990e-10
643 5.200889e-10
644 3.818687e-10
645 2.766260e-10
646 1.958244e-10
647 1.345918e-10
648 8.955438e-11
649 5.770171e-11
650 3.609352e-11
651 2.859728e-08
652 2.374008e-08
653 1.897655e-08
654 1.473704e-08
655 1.119313e-08
656 8.281336e-09
657 5.916633e-09
658 4.133982e-09
659 2.892684e-09
660 2.024937e-09
661 1.433286e-09
662 1.029581e-09
663 7.506264e-10
664 5.521641e-10
665 4.056507e-10
666 2.942980e-10
667 2.087901e-10
668 1.438672e-10
669 9.597066e-11
670 6.198364e-11
671 3.885325e-11
672 3.000470e-08
673 2.497918e-08
674 2.000915e-08
675 1.556234e-08
676 1.183908e-08
677 8.776442e-09
678 6.279913e-09
679 4.386868e-09
680 3.068418e-09
681 2.145661e-09
682 1.516491e-09
683 1.087880e-09
684 7.921888e-10
685 5.825153e-10
686 4.281735e-10
687 3.110346e-10
688 2.210677e-10
689 1.526469e-10
690 1.020432e-10
691 6.603109e-11
692 4.146084e-11
693 3.166056e-08
694 2.643321e-08
695 2.121794e-08
696 1.652906e-08
697 1.259583e-08
698 9.354364e-09
699 6.705543e-09
700 4.681963e-09
701 3.273735e-09
702 2.286935e-09
703 1.613977e-09
704 1.155836e-09
705 8.408116e-10
706 6.179939e-10
707 4.544532e-10
708 3.305597e-10
709 2.353990e-10
710 1.628992e-10
711 1.091372e-10
712 7.076882e-11
713 4.451434e-11
714 2.703147e-08
715 2.242567e-08
716 1.792700e-08
717 1.391820e-08
718 1.056016e-08
719 7.808992e-09
720 5.588808e-09
721 3.908722e-09
722 2.735706e-09
723 1.917123e-09
724 1.357270e-09
725 9.750538e-10
726 7.105191e-10
727 5.220425e-10
728 3.829733e-10
729 2.774578e-10
730 1.966308e-10
731 1.354097e-10
732 9.032173e-11
733 5.835221e-11
734 3.659421e-11
735 3.001644e-08
736 2.512095e-08
737 2.022730e-08
738 1.578583e-08
739 1.203450e-08
740 8.952184e-09
741 6.448817e-09
742 4.517544e-09
743 3.154949e-09
744 2.207313e-09
745 1.555437e-09
746 1.111893e-09
747 8.066795e-10
748 5.911387e-10
749 4.336410e-10
750 3.149989e-10
751 2.243336e-10
752 1.554850e-10
753 1.044561e-10
754 6.796417e-11
755 4.290083e-11
756 3.247085e-08
757 2.734965e-08
758 2.213155e-08
759 1.733707e-08
760 1.325892e-08
761 9.902608e-09
762 7.163576e-09
763 5.026124e-09
764 3.505364e-09
765 2.449787e-09
766 1.721175e-09
767 1.226266e-09
768 8.867885e-10
769 6.485818e-10
770 4.756778e-10
771 3.461024e-10
772 2.472775e-10
773 1.721224e-10
774 1.161871e-10
775 7.595802e-11
776 4.815792e-11
777 3.461363e-08
778 2.928834e-08
779 2.379548e-08
780 1.869606e-08
781 1.433009e-08
782 1.073363e-08
783 7.788801e-09
784 5.470992e-09
785 3.812009e-09
786 2.661970e-09
787 1.866083e-09
788 1.326381e-09
789 9.569331e-10
790 6.988300e-10
791 5.124520e-10
792 3.733107e-10
793 2.673473e-10
794 1.866756e-10
795 1.264491e-10
796 8.295194e-11
797 5.275845e-11
798 3.664942e-08
799 3.113392e-08
800 2.537689e-08
801 1.998170e-08
802 1.534800e-08
803 1.152312e-08
804 8.383352e-09
805 5.894084e-09
806 4.103816e-09
807 2.863619e-09
808 2.003625e-09
809 1.421228e-09
810 1.023552e-09
811 7.466096e-10
812 5.474039e-10
813 3.991663e-10
814 2.864174e-10
815 2.005027e-10
816 1.361993e-10
817 8.959747e-11
818 5.712993e-11
819 3.902706e-08
820 3.329082e-08
821 2.722187e-08
822 2.148454e-08
823 1.653637e-08
824 1.244271e-08
825 9.076707e-09
826 6.385740e-09
827 4.443348e-09
828 3.098665e-09
829 2.164002e-09
830 1.532004e-09
831 1.101149e-09
832 8.021938e-10
833 5.881012e-10
834 4.292733e-10
835 3.086234e-10
836 2.166058e-10
837 1.475561e-10
838 9.733868e-11
839 6.221850e-11
840 3.390046e-08
841 2.870728e-08
842 2.335078e-08
843 1.836232e-08
844 1.408143e-08
845 1.054797e-08
846 7.666783e-09
847 5.396757e-09
848 3.759110e-09
849 2.626440e-09
850 1.840164e-09
851 1.307357e-09
852 9.423928e-10
853 6.873849e-10
854 5.034545e-10
855 3.664400e-10
856 2.623356e-10
857 1.832234e-10
858 1.242140e-10
859 8.158726e-11
860 5.196500e-11
861 3.719861e-08
862 3.177070e-08
863 2.603732e-08
864 2.059386e-08
865 1.586041e-08
866 1.193888e-08
867 8.730590e-09
868 6.172111e-09
869 4.294295e-09
870 2.996563e-09
871 2.092455e-09
872 1.480066e-09
873 1.061806e-09
874 7.715838e-10
875 5.641941e-10
876 4.110043e-10
877 2.951931e-10
878 2.072238e-10
879 1.413630e-10
880 9.347009e-11
881 5.991796e-11
882 4.010701e-08
883 3.447476e-08
884 2.841372e-08
885 2.257365e-08
886 1.744095e-08
887 1.317358e-08
888 9.676229e-09
889 6.862990e-09
890 4.772116e-09
891 3.326481e-09
892 2.317698e-09
893 1.634155e-09
894 1.168123e-09
895 8.464955e-10
896 6.181701e-10
897 4.505549e-10
898 3.243315e-10
899 2.285048e-10
900 1.565772e-10
901 1.040245e-10
902 6.699281e-11
903 4.286036e-08
904 3.703763e-08
905 3.066864e-08
906 2.445023e-08
907 1.894474e-08
908 1.434814e-08
909 1.057475e-08
910 7.519885e-09
911 5.226824e-09
912 3.640096e-09
913 2.531733e-09
914 1.780360e-09
915 1.269277e-09
916 9.178075e-10
917 6.694678e-10
918 4.881370e-10
919 3.520156e-10
920 2.487214e-10
921 1.710300e-10
922 1.140508e-10
923 7.371406e-11
924 4.608308e-08
925 4.003882e-08
926 3.330821e-08
927 2.664845e-08
928 2.069564e-08
929 1.571673e-08
930 1.162507e-08
931 8.285934e-09
932 5.757301e-09
933 4.006794e-09
934 2.781504e-09
935 1.951226e-09
936 1.387222e-09
937 1.000853e-09
938 7.293240e-10
939 5.319804e-10
940 3.843099e-10
941 2.723066e-10
942 1.878941e-10
943 1.257523e-10
944 8.156029e-11
945 4.138657e-08
946 3.573544e-08
947 2.958691e-08
948 2.359352e-08
949 1.827818e-08
950 1.383665e-08
951 1.019690e-08
952 7.262112e-09
953 5.052893e-09
954 3.518162e-09
955 2.449510e-09
956 1.722584e-09
957 1.227920e-09
958 8.873779e-10
959 6.466926e-10
960 4.709779e-10
961 3.392646e-10
962 2.395095e-10
963 1.646256e-10
964 1.097837e-10
965 7.098422e-11
966 4.517350e-08
967 3.933544e-08
968 3.282989e-08
969 2.635663e-08
970 2.051281e-08
971 1.559367e-08
972 1.155661e-08
973 8.278105e-09
974 5.766533e-09
975 4.007446e-09
976 2.785326e-09
977 1.950094e-09
978 1.383291e-09
979 9.952952e-10
980 7.232280e-10
981 5.263604e-10
982 3.798226e-10
983 2.691858e-10
984 1.860314e-10
985 1.248419e-10
986 8.124783e-11
987 4.878351e-08
988 4.278105e-08
989 3.593557e-08
990 2.899890e-08
991 2.265971e-08
992 1.728532e-08
993 1.286373e-08
994 9.256577e-09
995 6.455339e-09
996 4.479507e-09
997 3.109021e-09
998 2.169271e-09
999 1.533139e-09
1000 1.099249e-09
1001 7.968746e-10
1002 5.795875e-10
1003 4.187687e-10
1004 2.976686e-10
1005 2.065764e-10
1006 1.393016e-10
1007 9.111099e-11
1008 5.300521e-08
1009 4.680294e-08
1010 3.956358e-08
1011 3.208987e-08
1012 2.516563e-08
1013 1.925595e-08
1014 1.439109e-08
1015 1.039805e-08
1016 7.259521e-09
1017 5.030639e-09
1018 3.487790e-09
1019 2.425278e-09
1020 1.708189e-09
1021 1.220630e-09
1022 8.827854e-10
1023 6.416811e-10
1024 4.642001e-10
1025 3.308964e-10
1026 2.305481e-10
1027 1.561761e-10
1028 1.026231e-10
1029 4.993941e-08
1030 4.395579e-08
1031 3.707318e-08
1032 3.003340e-08
1033 2.353659e-08
1034 1.798878e-08
1035 1.342031e-08
1036 9.693407e-09
1037 6.779117e-09
1038 4.698713e-09
1039 3.261821e-09
1040 2.270465e-09
1041 1.600948e-09
1042 1.144676e-09
1043 8.277228e-10
1044 6.010432e-10
1045 4.340911e-10
1046 3.088333e-10
1047 2.147659e-10
1048 1.452543e-10
1049 9.533653e-11
1050 5.459009e-08
1051 4.848947e-08
1052 4.126153e-08
1053 3.368683e-08
1054 2.655352e-08
1055 2.038703e-08
1056 1.528672e-08
1057 1.111428e-08
1058 7.804244e-09
1059 5.400140e-09
1060 3.744073e-09
1061 2.595499e-09
1062 1.821394e-09
1063 1.295430e-09
1064 9.327279e-10
1065 6.757369e-10
1066 4.881457e-10
1067 3.482228e-10
1068 2.432956e-10
1069 1.655488e-10
1070 1.093938e-10
1071 6.005059e-08
1072 5.380935e-08
1073 4.618033e-08
1074 3.797688e-08
1075 3.010330e-08
1076 2.320703e-08
1077 1.748705e-08
1078 1.278931e-08
1079 9.013848e-09
1080 6.230073e-09
1081 4.313786e-09
1082 2.979339e-09
1083 2.081653e-09
1084 1.473265e-09
1085 1.056455e-09
1086 7.636898e-10
1087 5.517397e-10
1088 3.945381e-10
1089 2.768378e-10
1090 1.894157e-10
1091 1.259314e-10
1092 6.051284e-08
1093 5.436701e-08
1094 4.680816e-08
1095 3.863227e-08
1096 3.071576e-08
1097 2.373069e-08
1098 1.790551e-08
1099 1.313132e-08
1100 9.292555e-09
1101 6.426986e-09
1102 4.446814e-09
1103 3.070648e-09
1104 2.141020e-09
1105 1.511508e-09
1106 1.080961e-09
1107 7.795425e-10
1108 5.622972e-10
1109 4.018715e-10
1110 2.821523e-10
1111 1.933736e-10
1112 1.288761e-10
1113 6.762688e-08
1114 6.145255e-08
1115 5.352682e-08
1116 4.465389e-08
1117 3.581558e-08
1118 2.784421e-08
1119 2.113657e-08
1120 1.562143e-08
1121 1.114040e-08
1122 7.713412e-09
1123 5.323297e-09
1124 3.665584e-09
1125 2.539400e-09
1126 1.780103e-09
1127 1.264778e-09
1128 9.076834e-10
1129 6.533721e-10
1130 4.674947e-10
1131 3.295715e-10
1132 2.273201e-10
1133 1.527154e-10
1134 7.735735e-08
1135 7.137835e-08
1136 6.319906e-08
1137 5.359771e-08
1138 4.361365e-08
1139 3.427559e-08
1140 2.623844e-08
1141 1.959207e-08
1142 1.416024e-08
1143 9.876217e-09
1144 6.791692e-09
1145 4.667688e-09
1146 3.204691e-09
1147 2.224125e-09
1148 1.562791e-09
1149 1.110732e-09
1150 7.944304e-10
1151 5.672756e-10
1152 4.009413e-10
1153 2.783873e-10
1154 1.888417e-10
