0 2.440812e-09
1 1.808361e-09
2 1.311060e-09
3 9.374599e-10
4 6.706066e-10
5 4.841556e-10
6 3.536506e-10
7 2.614144e-10
8 1.945874e-10
9 1.447312e-10
10 1.065130e-10
11 7.690795e-11
12 5.406264e-11
13 3.677330e-11
14 2.410331e-11
15 1.517579e-11
16 9.192174e-12
17 5.372344e-12
18 3.050561e-12
19 1.698770e-12
20 9.375040e-13
21 4.096840e-09
22 3.087300e-09
23 2.272041e-09
24 1.634453e-09
25 1.162715e-09
26 8.308321e-10
27 5.994394e-10
28 4.380676e-10
29 3.240089e-10
30 2.410959e-10
31 1.789563e-10
32 1.312606e-10
33 9.428781e-11
34 6.581874e-11
35 4.439231e-11
36 2.879960e-11
37 1.794085e-11
38 1.074711e-11
39 6.221611e-12
40 3.506429e-12
41 1.944060e-12
42 4.714348e-09
43 3.571584e-09
44 2.642117e-09
45 1.908602e-09
46 1.358358e-09
47 9.679318e-10
48 6.960566e-10
49 5.065253e-10
50 3.734540e-10
51 2.776714e-10
52 2.062175e-10
53 1.517350e-10
54 1.095510e-10
55 7.702726e-11
56 5.238204e-11
57 3.429782e-11
58 2.156820e-11
59 1.303439e-11
60 7.600057e-12
61 4.307820e-12
62 2.395295e-12
63 5.057385e-09
64 3.840725e-09
65 2.848499e-09
66 2.061672e-09
67 1.467623e-09
68 1.044608e-09
69 7.500468e-10
70 5.448491e-10
71 4.010876e-10
72 2.978474e-10
73 2.213682e-10
74 1.631088e-10
75 1.180666e-10
76 8.326531e-11
77 5.684167e-11
78 3.737113e-11
79 2.359871e-11
80 1.431386e-11
81 8.375019e-12
82 4.759294e-12
83 2.650110e-12
84 5.288330e-09
85 4.021789e-09
86 2.986934e-09
87 2.164204e-09
88 1.541172e-09
89 1.096183e-09
90 7.863459e-10
91 5.706078e-10
92 4.197112e-10
93 3.115043e-10
94 2.315165e-10
95 1.707638e-10
96 1.237777e-10
97 8.747076e-11
98 5.983932e-11
99 3.943225e-11
100 2.496143e-11
101 1.517464e-11
102 8.896487e-12
103 5.062447e-12
104 2.821268e-12
105 5.461222e-09
106 4.157558e-09
107 3.090809e-09
108 2.241335e-09
109 1.596127e-09
110 1.134913e-09
111 8.135557e-10
112 5.899280e-10
113 4.336134e-10
114 3.217356e-10
115 2.392017e-10
116 1.764821e-10
117 1.280643e-10
118 9.060527e-11
119 6.208543e-11
120 4.098688e-11
121 2.598190e-11
122 1.582106e-11
123 9.286694e-12
124 5.290248e-12
125 2.949931e-12
126 5.601258e-09
127 4.267152e-09
128 3.174812e-09
129 2.303550e-09
130 1.640729e-09
131 1.166106e-09
132 8.356845e-10
133 6.055639e-10
134 4.449129e-10
135 3.300521e-10
136 2.454195e-10
137 1.811839e-10
138 1.315641e-10
139 9.316647e-11
140 6.391200e-11
141 4.224416e-11
142 2.681617e-11
143 1.634391e-11
144 9.603162e-12
145 5.473857e-12
146 3.053832e-12
147 5.725021e-09
148 4.364081e-09
149 3.249235e-09
150 2.358764e-09
151 1.680161e-09
152 1.193719e-09
153 8.549682e-10
154 6.193194e-10
155 4.548097e-10
156 3.373426e-10
157 2.508499e-10
158 1.852167e-10
159 1.346016e-10
160 9.537564e-11
161 6.550582e-11
162 4.334146e-11
163 2.753905e-11
164 1.679766e-11
165 9.881119e-12
166 5.636150e-12
167 3.145297e-12
168 5.841676e-09
169 4.455589e-09
170 3.319441e-09
171 2.410856e-09
172 1.716981e-09
173 1.219772e-09
174 8.733709e-10
175 6.323488e-10
176 4.641392e-10
177 3.442733e-10
178 2.560215e-10
179 1.891175e-10
180 1.374798e-10
181 9.752463e-11
182 6.701177e-11
183 4.438826e-11
184 2.822445e-11
185 1.724187e-11
186 1.014355e-11
187 5.787994e-12
188 3.231271e-12
189 5.974941e-09
190 4.560260e-09
191 3.400030e-09
192 2.470808e-09
193 1.760023e-09
194 1.249825e-09
195 8.945328e-10
196 6.472579e-10
197 4.749610e-10
198 3.521839e-10
199 2.619608e-10
200 1.935614e-10
201 1.407939e-10
202 9.996907e-11
203 6.876937e-11
204 4.559702e-11
205 2.902756e-11
206 1.774289e-11
207 1.044874e-11
208 5.965986e-12
209 3.331594e-12
210 8.345745e-09
211 6.441953e-09
212 4.859537e-09
213 3.571933e-09
214 2.555222e-09
215 1.806401e-09
216 1.284582e-09
217 9.214316e-10
218 6.706407e-10
219 4.945762e-10
220 3.675856e-10
221 2.728952e-10
222 2.004122e-10
223 1.442164e-10
224 1.008650e-10
225 6.811906e-11
226 4.420063e-11
227 2.750346e-11
228 1.644935e-11
229 9.503248e-12
230 5.345813e-12
231 1.053797e-08
232 8.213152e-09
233 6.251185e-09
234 4.645069e-09
235 3.353453e-09
236 2.371602e-09
237 1.678225e-09
238 1.196787e-09
239 8.638425e-10
240 6.328698e-10
241 4.685312e-10
242 3.480298e-10
243 2.568082e-10
244 1.864045e-10
245 1.319548e-10
246 9.041957e-11
247 5.964628e-11
248 3.774023e-11
249 2.292755e-11
250 1.342627e-11
251 7.628025e-12
252 1.183650e-08
253 9.270811e-09
254 7.086903e-09
255 5.289929e-09
256 3.836691e-09
257 2.717418e-09
258 1.919168e-09
259 1.365274e-09
260 9.816024e-10
261 7.166955e-10
262 5.294699e-10
263 3.931510e-10
264 2.905637e-10
265 2.116503e-10
266 1.506124e-10
267 1.038792e-10
268 6.901264e-11
269 4.400003e-11
270 2.692592e-11
271 1.587064e-11
272 9.062356e-12
273 1.271684e-08
274 9.989294e-09
275 7.654068e-09
276 5.728542e-09
277 4.165683e-09
278 2.952655e-09
279 2.083752e-09
280 1.479794e-09
281 1.061915e-09
282 7.738518e-10
283 5.709717e-10
284 4.238369e-10
285 3.135271e-10
286 2.288342e-10
287 1.632988e-10
288 1.130180e-10
289 7.539193e-11
290 4.826257e-11
291 2.965382e-11
292 1.753859e-11
293 1.004220e-11
294 1.337847e-08
295 1.052767e-08
296 8.079312e-09
297 6.057994e-09
298 4.412455e-09
299 3.129058e-09
300 2.206286e-09
301 1.565608e-09
302 1.121901e-09
303 8.165757e-10
304 6.020484e-10
305 4.468556e-10
306 3.307474e-10
307 2.417096e-10
308 1.727890e-10
309 1.198665e-10
310 8.017611e-11
311 5.145938e-11
312 3.169688e-11
313 1.879088e-11
314 1.077586e-11
315 1.391369e-08
316 1.096452e-08
317 8.424164e-09
318 6.323979e-09
319 4.612205e-09
320 3.272065e-09
321 2.305907e-09
322 1.635473e-09
323 1.170726e-09
324 8.512683e-10
325 6.273028e-10
326 4.655045e-10
327 3.447118e-10
328 2.521493e-10
329 1.804926e-10
330 1.254231e-10
331 8.403593e-11
332 5.404680e-11
333 3.335093e-11
334 1.980335e-11
335 1.137327e-11
336 1.438006e-08
337 1.134429e-08
338 8.724649e-09
339 6.556204e-09
340 4.785833e-09
341 3.397330e-09
342 2.392943e-09
343 1.696513e-09
344 1.213262e-09
345 8.814421e-10
346 6.491907e-10
347 4.817199e-10
348 3.568381e-10
349 2.612260e-10
350 1.872032e-10
351 1.302555e-10
352 8.740678e-11
353 5.630426e-11
354 3.480076e-11
355 2.069069e-11
356 1.189497e-11
357 1.482375e-08
358 1.170590e-08
359 9.010335e-09
360 6.777495e-09
361 4.951749e-09
362 3.515113e-09
363 2.475719e-09
364 1.754051e-09
365 1.253680e-09
366 9.103311e-10
367 6.701588e-10
368 4.972119e-10
369 3.684161e-10
370 2.698706e-10
371 1.936042e-10
372 1.348649e-10
373 9.061913e-11
374 5.845562e-11
375 3.617259e-11
376 2.153142e-11
377 1.238781e-11
378 1.533880e-08
379 1.212638e-08
380 9.343086e-09
381 7.034300e-09
382 5.144651e-09
383 3.653451e-09
384 2.571776e-09
385 1.821444e-09
386 1.300940e-09
387 9.438599e-10
388 6.944294e-10
389 5.151936e-10
390 3.818745e-10
391 2.799467e-10
392 2.010375e-10
393 1.402188e-10
394 9.435717e-11
395 6.094155e-11
396 3.776576e-11
397 2.250549e-11
398 1.296015e-11
399 1.428749e-08
400 1.131467e-08
401 8.720167e-09
402 6.571641e-09
403 4.821742e-09
404 3.436273e-09
405 2.418804e-09
406 1.713812e-09
407 1.223159e-09
408 8.858472e-10
409 6.503592e-10
410 4.815400e-10
411 3.563805e-10
412 2.610460e-10
413 1.874672e-10
414 1.309059e-10
415 8.827785e-11
416 5.720208e-11
417 3.557762e-11
418 2.128841e-11
419 1.230091e-11
420 1.678548e-08
421 1.341786e-08
422 1.041603e-08
423 7.900864e-09
424 5.845000e-09
425 4.195163e-09
426 2.951420e-09
427 2.083405e-09
428 1.480067e-09
429 1.065227e-09
430 7.778787e-10
431 5.741211e-10
432 4.248821e-10
433 3.121813e-10
434 2.255673e-10
435 1.588833e-10
436 1.082792e-10
437 7.100573e-11
438 4.471339e-11
439 2.707116e-11
440 1.580613e-11
441 1.852664e-08
442 1.489451e-08
443 1.161015e-08
444 8.839673e-09
445 6.570346e-09
446 4.734534e-09
447 3.333154e-09
448 2.347268e-09
449 1.664134e-09
450 1.193292e-09
451 8.687649e-10
452 6.398804e-10
453 4.733268e-10
454 3.483148e-10
455 2.524644e-10
456 1.786387e-10
457 1.224515e-10
458 8.081534e-11
459 5.123454e-11
460 3.122425e-11
461 1.833585e-11
462 1.983851e-08
463 1.600821e-08
464 1.251017e-08
465 9.549005e-09
466 7.115799e-09
467 5.141571e-09
468 3.620930e-09
469 2.547119e-09
470 1.802867e-09
471 1.290048e-09
472 9.372634e-10
473 6.894246e-10
474 5.099234e-10
475 3.755980e-10
476 2.727473e-10
477 1.935484e-10
478 1.331318e-10
479 8.822910e-11
480 5.615046e-11
481 3.436143e-11
482 2.025270e-11
483 2.090717e-08
484 1.691097e-08
485 1.324269e-08
486 1.012402e-08
487 7.559088e-09
488 5.472363e-09
489 3.854665e-09
490 2.709752e-09
491 1.915771e-09
492 1.368389e-09
493 9.929107e-10
494 7.296662e-10
495 5.395415e-10
496 3.976428e-10
497 2.891829e-10
498 2.056314e-10
499 1.417909e-10
500 9.423073e-11
501 6.015553e-11
502 3.690630e-11
503 2.180671e-11
504 2.183696e-08
505 1.769922e-08
506 1.388229e-08
507 1.062643e-08
508 7.946827e-09
509 5.759240e-09
510 4.058499e-09
511 2.850572e-09
512 2.014341e-09
513 1.436823e-09
514 1.041355e-09
515 7.647701e-10
516 5.654351e-10
517 4.169387e-10
518 3.035445e-10
519 2.161812e-10
520 1.493617e-10
521 9.945279e-11
522 6.363932e-11
523 3.912727e-11
524 2.316101e-11
525 2.271508e-08
526 1.844366e-08
527 1.448438e-08
528 1.110042e-08
529 8.312814e-09
530 6.032958e-09
531 4.250809e-09
532 2.984934e-09
533 2.107612e-09
534 1.501672e-09
535 1.087209e-09
536 7.979766e-10
537 5.899218e-10
538 4.351763e-10
539 3.171340e-10
540 2.261578e-10
541 1.565129e-10
542 1.044216e-10
543 6.693945e-11
544 4.122985e-11
545 2.444681e-11
546 2.374478e-08
547 1.931565e-08
548 1.519208e-08
549 1.165557e-08
550 8.741088e-09
551 6.351925e-09
552 4.477341e-09
553 3.141754e-09
554 2.216282e-09
555 1.577766e-09
556 1.141087e-09
557 8.368662e-10
558 6.185941e-10
559 4.565296e-10
560 3.330451e-10
561 2.378375e-10
562 1.648986e-10
563 1.102209e-10
564 7.079517e-11
565 4.369649e-11
566 2.594546e-11
567 2.046092e-08
568 1.659195e-08
569 1.301662e-08
570 9.959036e-09
571 7.445423e-09
572 5.407387e-09
573 3.818374e-09
574 2.681972e-09
575 1.897015e-09
576 1.352828e-09
577 9.799799e-10
578 7.188122e-10
579 5.307515e-10
580 3.907981e-10
581 2.841761e-10
582 2.022061e-10
583 1.396491e-10
584 9.302172e-11
585 5.957465e-11
586 3.668494e-11
587 2.175386e-11
588 2.319690e-08
589 1.898657e-08
590 1.499880e-08
591 1.154025e-08
592 8.678022e-09
593 6.346705e-09
594 4.501700e-09
595 3.154634e-09
596 2.225360e-09
597 1.579372e-09
598 1.138037e-09
599 8.312640e-10
600 6.123255e-10
601 4.510525e-10
602 3.289697e-10
603 2.353557e-10
604 1.637457e-10
605 1.100490e-10
606 7.118028e-11
607 4.428057e-11
608 2.651495e-11
609 2.528818e-08
610 2.082651e-08
611 1.653237e-08
612 1.276052e-08
613 9.633182e-09
614 7.075734e-09
615 5.033782e-09
616 3.524482e-09
617 2.481649e-09
618 1.756496e-09
619 1.261305e-09
620 9.186487e-10
621 6.757157e-10
622 4.977217e-10
623 3.636362e-10
624 2.609759e-10
625 1.823878e-10
626 1.232623e-10
627 8.019149e-11
628 5.020443e-11
629 3.024043e-11
630 2.699753e-08
631 2.232310e-08
632 1.777841e-08
633 1.375852e-08
634 1.040990e-08
635 7.669767e-09
636 5.467891e-09
637 3.826599e-09
638 2.690756e-09
639 1.900992e-09
640 1.361926e-09
641 9.899654e-10
642 7.272642e-10
643 5.357089e-10
644 3.918828e-10
645 2.818353e-10
646 1.975739e-10
647 1.340090e-10
648 8.755528e-11
649 5.502904e-11
650 3.327691e-11
651 2.848523e-08
652 2.363095e-08
653 1.886766e-08
654 1.462834e-08
655 1.108905e-08
656 8.188478e-09
657 5.846969e-09
658 4.089896e-09
659 2.873563e-09
660 2.027192e-09
661 1.449879e-09
662 1.052214e-09
663 7.723789e-10
664 5.689521e-10
665 4.164895e-10
666 3.000672e-10
667 2.108468e-10
668 1.433840e-10
669 9.397204e-11
670 5.926011e-11
671 3.593319e-11
672 2.988847e-08
673 2.486655e-08
674 1.989635e-08
675 1.545066e-08
676 1.173153e-08
677 8.680389e-09
678 6.205097e-09
679 4.339222e-09
680 3.045811e-09
681 2.146317e-09
682 1.532821e-09
683 1.111047e-09
684 8.149536e-10
685 6.003078e-10
686 4.398081e-10
687 3.172942e-10
688 2.233702e-10
689 1.522881e-10
690 1.000409e-10
691 6.322368e-11
692 3.843780e-11
693 3.154185e-08
694 2.631562e-08
695 2.110031e-08
696 1.641243e-08
697 1.248176e-08
698 9.252888e-09
699 6.625080e-09
700 4.630594e-09
701 3.248082e-09
702 2.285895e-09
703 1.629909e-09
704 1.179906e-09
705 8.648120e-10
706 6.370433e-10
707 4.670470e-10
708 3.374540e-10
709 2.380433e-10
710 1.626531e-10
711 1.071451e-10
712 6.789460e-11
713 4.137239e-11
714 2.692341e-08
715 2.232010e-08
716 1.782241e-08
717 1.381383e-08
718 1.046186e-08
719 7.723490e-09
720 5.524373e-09
721 3.868762e-09
722 2.718544e-09
723 1.919766e-09
724 1.373013e-09
725 9.961657e-10
726 7.306558e-10
727 5.376181e-10
728 3.930575e-10
729 2.828319e-10
730 1.984971e-10
731 1.348948e-10
732 8.837633e-11
733 5.573185e-11
734 3.382484e-11
735 2.990093e-08
736 2.500847e-08
737 2.011645e-08
738 1.567731e-08
739 1.192983e-08
740 8.858088e-09
741 6.374422e-09
742 4.469820e-09
743 3.131726e-09
744 2.205879e-09
745 1.569489e-09
746 1.133492e-09
747 8.285551e-10
748 6.088347e-10
749 4.456038e-10
750 3.216572e-10
751 2.269433e-10
752 1.553158e-10
753 1.025691e-10
754 6.526136e-11
755 3.996070e-11
756 3.234891e-08
757 2.723133e-08
758 2.201515e-08
759 1.722200e-08
760 1.314778e-08
761 9.801371e-09
762 7.082314e-09
763 4.971755e-09
764 3.476932e-09
765 2.444882e-09
766 1.733596e-09
767 1.248040e-09
768 9.100062e-10
769 6.679762e-10
770 4.891783e-10
771 3.538478e-10
772 2.505273e-10
773 1.722378e-10
774 1.143815e-10
775 7.317852e-11
776 4.507758e-11
777 3.448767e-08
778 2.916591e-08
779 2.367493e-08
780 1.857619e-08
781 1.421360e-08
782 1.062570e-08
783 7.701630e-09
784 5.410568e-09
785 3.779496e-09
786 2.653957e-09
787 1.877264e-09
788 1.348421e-09
789 9.814057e-10
790 7.197801e-10
791 5.272371e-10
792 3.819953e-10
793 2.711594e-10
794 1.870215e-10
795 1.246928e-10
796 8.013690e-11
797 4.955736e-11
798 3.651247e-08
799 3.100698e-08
800 2.525157e-08
801 1.985817e-08
802 1.522637e-08
803 1.141085e-08
804 8.289522e-09
805 5.828707e-09
806 4.066352e-09
807 2.852990e-09
808 2.013726e-09
809 1.443522e-09
810 1.049120e-09
811 7.689178e-10
812 5.634311e-10
813 4.087177e-10
814 2.907233e-10
815 2.011040e-10
816 1.344765e-10
817 8.671433e-11
818 5.380650e-11
819 3.888802e-08
820 3.315830e-08
821 2.709242e-08
822 2.135804e-08
823 1.640810e-08
824 1.232377e-08
825 8.975614e-09
826 6.314899e-09
827 4.401330e-09
828 3.084609e-09
829 2.172776e-09
830 1.554576e-09
831 1.128081e-09
832 8.262438e-10
833 6.056114e-10
834 4.398828e-10
835 3.135607e-10
836 2.174359e-10
837 1.459152e-10
838 9.439971e-11
839 5.876815e-11
840 3.377558e-08
841 2.858634e-08
842 2.323227e-08
843 1.824498e-08
844 1.396789e-08
845 1.044444e-08
846 7.581768e-09
847 5.338378e-09
848 3.727732e-09
849 2.618817e-09
850 1.851121e-09
851 1.328533e-09
852 9.658827e-10
853 7.076176e-10
854 5.178919e-10
855 3.749706e-10
856 2.661003e-10
857 1.836129e-10
858 1.224896e-10
859 7.881918e-11
860 4.883643e-11
861 3.706611e-08
862 3.164473e-08
863 2.591194e-08
864 2.047046e-08
865 1.574043e-08
866 1.182705e-08
867 8.636982e-09
868 6.105814e-09
869 4.255998e-09
870 2.983638e-09
871 2.100475e-09
872 1.500693e-09
873 1.086395e-09
874 7.938143e-10
875 5.807142e-10
876 4.211604e-10
877 2.999958e-10
878 2.081279e-10
879 1.398208e-10
880 9.064598e-11
881 5.662891e-11
882 3.996277e-08
883 3.433745e-08
884 2.828317e-08
885 2.244603e-08
886 1.731505e-08
887 1.305443e-08
888 9.575696e-09
889 6.788837e-09
890 4.728226e-09
891 3.309164e-09
892 2.323128e-09
893 1.654030e-09
894 1.193776e-09
895 8.705431e-10
896 6.364514e-10
897 4.621228e-10
898 3.300618e-10
899 2.298527e-10
900 1.551787e-10
901 1.011875e-10
902 6.356707e-11
903 4.270980e-08
904 3.689837e-08
905 3.053261e-08
906 2.431728e-08
907 1.881089e-08
908 1.422335e-08
909 1.046671e-08
910 7.439810e-09
911 5.176713e-09
912 3.619077e-09
913 2.534977e-09
914 1.799716e-09
915 1.295792e-09
916 9.433761e-10
917 6.894501e-10
918 5.010459e-10
919 3.585868e-10
920 2.505299e-10
921 1.697708e-10
922 1.111626e-10
923 7.015538e-11
924 4.592806e-08
925 3.989180e-08
926 3.316624e-08
927 2.650870e-08
928 2.055707e-08
929 1.558503e-08
930 1.150784e-08
931 8.197925e-09
932 5.700720e-09
933 3.980297e-09
934 2.782070e-09
935 1.970138e-09
936 1.414815e-09
937 1.028446e-09
938 7.513064e-10
939 5.464986e-10
940 3.919252e-10
941 2.746497e-10
942 1.868079e-10
943 1.228347e-10
944 7.785243e-11
945 4.124510e-08
946 3.559860e-08
947 2.945094e-08
948 2.346354e-08
949 1.815097e-08
950 1.371636e-08
951 1.009350e-08
952 7.185190e-09
953 5.006402e-09
954 3.498853e-09
955 2.453298e-09
956 1.741498e-09
957 1.253239e-09
958 9.117738e-10
959 6.657716e-10
960 4.833217e-10
961 3.455548e-10
962 2.412161e-10
963 1.633811e-10
964 1.069485e-10
965 6.751825e-11
966 4.501817e-08
967 3.919094e-08
968 3.269556e-08
969 2.621953e-08
970 2.037925e-08
971 1.546598e-08
972 1.144531e-08
973 8.192521e-09
974 5.712911e-09
975 3.982262e-09
976 2.785300e-09
977 1.967427e-09
978 1.409219e-09
979 1.021572e-09
980 7.444966e-10
981 5.406617e-10
982 3.874820e-10
983 2.716482e-10
984 1.850868e-10
985 1.220417e-10
986 7.763166e-11
987 4.862045e-08
988 4.263017e-08
989 3.578948e-08
990 2.885748e-08
991 2.251979e-08
992 1.715081e-08
993 1.274420e-08
994 9.163457e-09
995 6.393804e-09
996 4.448612e-09
997 3.105421e-09
998 2.185150e-09
999 1.559448e-09
1000 1.127205e-09
1001 8.202514e-10
1002 5.957537e-10
1003 4.277573e-10
1004 3.008963e-10
1005 2.059080e-10
1006 1.365004e-10
1007 8.735828e-11
1008 5.283587e-08
1009 4.663782e-08
1010 3.941003e-08
1011 3.193653e-08
1012 2.501755e-08
1013 1.911408e-08
1014 1.426121e-08
1015 1.029581e-08
1016 7.189863e-09
1017 4.993444e-09
1018 3.479786e-09
1019 2.439659e-09
1020 1.735129e-09
1021 1.250541e-09
1022 9.086360e-10
1023 6.600476e-10
1024 4.747526e-10
1025 3.349364e-10
1026 2.302425e-10
1027 1.533959e-10
1028 9.869313e-11
1029 4.977398e-08
1030 4.380188e-08
1031 3.692521e-08
1032 2.988927e-08
1033 2.339622e-08
1034 1.785354e-08
1035 1.330003e-08
1036 9.598022e-09
1037 6.716446e-09
1038 4.666523e-09
1039 3.256654e-09
1040 2.285317e-09
1041 1.626767e-09
1042 1.172658e-09
1043 8.515806e-10
1044 6.178833e-10
1045 4.436758e-10
1046 3.124558e-10
1047 2.143362e-10
1048 1.425365e-10
1049 9.156988e-11
1050 5.441500e-08
1051 4.832768e-08
1052 4.110583e-08
1053 3.353735e-08
1054 2.640716e-08
1055 2.024471e-08
1056 1.515785e-08
1057 1.101054e-08
1058 7.732638e-09
1059 5.361231e-09
1060 3.734174e-09
1061 2.607875e-09
1062 1.846906e-09
1063 1.324856e-09
1064 9.589959e-10
1065 6.949776e-10
1066 4.996283e-10
1067 3.530371e-10
1068 2.433850e-10
1069 1.629220e-10
1070 1.054718e-10
1071 5.986727e-08
1072 5.363518e-08
1073 4.601022e-08
1074 3.781692e-08
1075 2.994723e-08
1076 2.305750e-08
1077 1.734744e-08
1078 1.267525e-08
1079 8.932563e-09
1080 6.183273e-09
1081 4.298121e-09
1082 2.989129e-09
1083 2.106986e-09
1084 1.504538e-09
1085 1.085554e-09
1086 7.857962e-10
1087 5.654530e-10
1088 4.006682e-10
1089 2.775813e-10
1090 1.869135e-10
1091 1.218169e-10
1092 6.033110e-08
1093 5.419443e-08
1094 4.664292e-08
1095 3.847479e-08
1096 3.056244e-08
1097 2.358122e-08
1098 1.776829e-08
1099 1.301797e-08
1100 9.211186e-09
1101 6.380745e-09
1102 4.430977e-09
1103 3.079608e-09
1104 2.165582e-09
1105 1.542126e-09
1106 1.109863e-09
1107 8.017907e-10
1108 5.763477e-10
1109 4.084158e-10
1110 2.831350e-10
1111 1.910088e-10
1112 1.248340e-10
1113 6.743408e-08
1114 6.126389e-08
1115 5.334461e-08
1116 4.448409e-08
1117 3.565068e-08
1118 2.768689e-08
1119 2.098819e-08
1120 1.549713e-08
1121 1.104850e-08
1122 7.658166e-09
1123 5.300814e-09
1124 3.670817e-09
1125 2.563051e-09
1126 1.812316e-09
1127 1.296725e-09
1128 9.334630e-10
1129 6.704867e-10
1130 4.760801e-10
1131 3.316911e-10
1132 2.253105e-10
1133 1.485042e-10
1134 7.714304e-08
1135 7.117338e-08
1136 6.300655e-08
1137 5.341553e-08
1138 4.343929e-08
1139 3.410973e-08
1140 2.608112e-08
1141 1.945749e-08
1142 1.405677e-08
1143 9.812041e-09
1144 6.762119e-09
1145 4.668636e-09
1146 3.226915e-09
1147 2.257727e-09
1148 1.598141e-09
1149 1.140896e-09
1150 8.157528e-10
1151 5.791321e-10
1152 4.050456e-10
1153 2.772518e-10
1154 1.846783e-10
