0 2.441060e-09
1 1.807971e-09
2 1.310088e-09
3 9.359972e-10
4 6.687540e-10
5 4.820255e-10
6 3.513374e-10
7 2.590444e-10
8 1.922494e-10
9 1.424972e-10
10 1.045274e-10
11 7.524395e-11
12 5.278062e-11
13 3.593019e-11
14 2.367581e-11
15 1.510687e-11
16 9.367466e-12
17 5.671989e-12
18 3.372049e-12
19 1.987596e-12
20 1.176020e-12
21 4.097935e-09
22 3.087609e-09
23 2.271372e-09
24 1.633039e-09
25 1.160695e-09
26 8.283212e-10
27 5.966374e-10
28 4.350245e-10
29 3.209171e-10
30 2.380736e-10
31 1.761194e-10
32 1.287306e-10
33 9.217455e-11
34 6.424295e-11
35 4.340103e-11
36 2.837287e-11
37 1.796601e-11
38 1.105322e-11
39 6.639730e-12
40 3.924597e-12
41 2.311447e-12
42 4.715778e-09
43 3.572034e-09
44 2.641634e-09
45 1.907270e-09
46 1.356309e-09
47 9.653635e-10
48 6.930868e-10
49 5.034079e-10
50 3.701605e-10
51 2.742429e-10
52 2.030726e-10
53 1.489335e-10
54 1.071843e-10
55 7.519487e-11
56 5.118624e-11
57 3.372182e-11
58 2.151057e-11
59 1.331737e-11
60 8.035606e-12
61 4.761426e-12
62 2.804282e-12
63 5.059000e-09
64 3.841324e-09
65 2.848111e-09
66 2.060385e-09
67 1.465556e-09
68 1.042015e-09
69 7.470287e-10
70 5.415882e-10
71 3.976763e-10
72 2.944452e-10
73 2.181194e-10
74 1.601718e-10
75 1.155316e-10
76 8.129761e-11
77 5.552597e-11
78 3.671059e-11
79 2.349553e-11
80 1.458498e-11
81 8.818981e-12
82 5.232018e-12
83 3.081709e-12
84 5.290071e-09
85 4.022479e-09
86 2.986769e-09
87 2.162951e-09
88 1.539125e-09
89 1.093542e-09
90 7.832888e-10
91 5.672461e-10
92 4.162038e-10
93 3.080153e-10
94 2.282006e-10
95 1.677026e-10
96 1.211551e-10
97 8.539963e-11
98 5.843889e-11
99 3.871894e-11
100 2.482585e-11
101 1.543832e-11
102 9.346223e-12
103 5.549015e-12
104 3.268608e-12
105 5.463056e-09
106 4.158326e-09
107 3.090534e-09
108 2.240001e-09
109 1.594108e-09
110 1.132265e-09
111 8.104709e-10
112 5.865562e-10
113 4.300706e-10
114 3.182148e-10
115 2.357982e-10
116 1.733965e-10
117 1.253713e-10
118 8.848766e-11
119 6.063338e-11
120 4.022786e-11
121 2.582734e-11
122 1.607884e-11
123 9.742596e-12
124 5.786092e-12
125 3.408349e-12
126 5.603173e-09
127 4.267975e-09
128 3.174506e-09
129 2.302333e-09
130 1.638692e-09
131 1.163419e-09
132 8.325448e-10
133 6.021184e-10
134 4.413488e-10
135 3.264396e-10
136 2.419451e-10
137 1.779559e-10
138 1.287777e-10
139 9.098143e-11
140 6.240203e-11
141 4.144422e-11
142 2.663775e-11
143 1.659795e-11
144 1.006179e-11
145 5.979132e-12
146 3.522095e-12
147 5.726999e-09
148 4.364952e-09
149 3.249024e-09
150 2.357557e-09
151 1.678130e-09
152 1.191040e-09
153 8.517858e-10
154 6.158844e-10
155 4.511804e-10
156 3.336539e-10
157 2.473314e-10
158 1.820212e-10
159 1.317858e-10
160 9.315489e-11
161 6.395751e-11
162 4.251675e-11
163 2.734659e-11
164 1.704851e-11
165 1.034233e-11
166 6.146876e-12
167 3.621198e-12
168 5.843712e-09
169 4.456503e-09
170 3.319263e-09
171 2.409660e-09
172 1.714948e-09
173 1.217062e-09
174 8.702336e-10
175 6.287742e-10
176 4.604401e-10
177 3.405227e-10
178 2.523855e-10
179 1.858134e-10
180 1.346135e-10
181 9.521958e-11
182 6.542848e-11
183 4.352612e-11
184 2.801653e-11
185 1.747869e-11
186 1.060645e-11
187 6.305924e-12
188 3.715284e-12
189 5.977054e-09
190 4.561232e-09
191 3.399892e-09
192 2.469649e-09
193 1.757961e-09
194 1.247118e-09
195 8.913484e-10
196 6.437136e-10
197 4.712025e-10
198 3.484350e-10
199 2.583386e-10
200 1.902366e-10
201 1.378973e-10
202 9.762462e-11
203 6.714529e-11
204 4.470653e-11
205 2.879684e-11
206 1.797834e-11
207 1.091626e-11
208 6.491636e-12
209 3.824458e-12
210 8.349197e-09
211 6.443986e-09
212 4.860158e-09
213 3.571236e-09
214 2.553378e-09
215 1.803621e-09
216 1.281083e-09
217 9.174312e-10
218 6.663463e-10
219 4.899763e-10
220 3.631186e-10
221 2.686836e-10
222 1.965897e-10
223 1.409931e-10
224 9.842932e-11
225 6.661006e-11
226 4.357873e-11
227 2.757018e-11
228 1.691582e-11
229 1.012560e-11
230 5.976060e-12
231 1.054263e-08
232 8.216256e-09
233 6.252701e-09
234 4.644962e-09
235 3.351884e-09
236 2.368843e-09
237 1.674579e-09
238 1.192552e-09
239 8.592883e-10
240 6.278027e-10
241 4.636094e-10
242 3.431945e-10
243 2.523009e-10
244 1.824758e-10
245 1.288724e-10
246 8.833577e-11
247 5.861153e-11
248 3.757466e-11
249 2.331683e-11
250 1.408239e-11
251 8.350687e-12
252 1.184190e-08
253 9.274551e-09
254 7.088891e-09
255 5.290193e-09
256 3.835398e-09
257 2.714952e-09
258 1.915520e-09
259 1.360780e-09
260 9.767081e-10
261 7.113524e-10
262 5.241835e-10
263 3.879634e-10
264 2.857243e-10
265 2.073550e-10
266 1.471274e-10
267 1.014775e-10
268 6.774063e-11
269 4.369603e-11
270 2.726654e-11
271 1.653960e-11
272 9.834891e-12
273 1.272275e-08
274 9.993476e-09
275 7.656373e-09
276 5.729075e-09
277 4.164643e-09
278 2.950108e-09
279 2.080096e-09
280 1.475278e-09
281 1.056887e-09
282 7.684970e-10
283 5.653602e-10
284 4.184428e-10
285 3.084078e-10
286 2.242646e-10
287 1.595458e-10
288 1.103824e-10
289 7.394094e-11
290 4.785439e-11
291 2.995593e-11
292 1.821192e-11
293 1.084763e-11
294 1.338473e-08
295 1.053216e-08
296 8.081888e-09
297 6.058677e-09
298 4.411141e-09
299 3.126488e-09
300 2.202536e-09
301 1.561069e-09
302 1.116832e-09
303 8.109140e-10
304 5.962996e-10
305 4.412047e-10
306 3.254273e-10
307 2.369561e-10
308 1.688799e-10
309 1.170769e-10
310 7.859939e-11
311 5.098359e-11
312 3.196960e-11
313 1.946835e-11
314 1.160659e-11
315 1.392026e-08
316 1.096925e-08
317 8.426958e-09
318 6.324867e-09
319 4.611229e-09
320 3.269503e-09
321 2.302113e-09
322 1.630794e-09
323 1.165646e-09
324 8.455714e-10
325 6.214475e-10
326 4.597430e-10
327 3.392350e-10
328 2.471839e-10
329 1.764021e-10
330 1.224887e-10
331 8.238430e-11
332 5.351853e-11
333 3.360790e-11
334 2.048845e-11
335 1.222229e-11
336 1.438689e-08
337 1.134926e-08
338 8.727614e-09
339 6.557178e-09
340 4.784958e-09
341 3.394770e-09
342 2.389198e-09
343 1.691875e-09
344 1.207925e-09
345 8.758373e-10
346 6.433032e-10
347 4.758641e-10
348 3.512247e-10
349 2.561655e-10
350 1.829881e-10
351 1.272289e-10
352 8.566275e-11
353 5.572941e-11
354 3.503346e-11
355 2.137869e-11
356 1.275978e-11
357 1.483083e-08
358 1.171109e-08
359 9.013487e-09
360 6.778579e-09
361 4.950914e-09
362 3.512990e-09
363 2.472001e-09
364 1.749469e-09
365 1.248242e-09
366 9.044439e-10
367 6.640474e-10
368 4.911349e-10
369 3.626357e-10
370 2.646732e-10
371 1.892678e-10
372 1.317037e-10
373 8.879619e-11
374 5.782571e-11
375 3.638092e-11
376 2.221964e-11
377 1.326816e-11
378 1.534619e-08
379 1.213182e-08
380 9.346413e-09
381 7.035538e-09
382 5.143944e-09
383 3.651012e-09
384 2.567944e-09
385 1.816402e-09
386 1.295477e-09
387 9.379115e-10
388 6.882503e-10
389 5.090595e-10
390 3.759226e-10
391 2.746048e-10
392 1.965164e-10
393 1.369263e-10
394 9.242703e-11
395 6.026495e-11
396 3.796347e-11
397 2.320281e-11
398 1.386416e-11
399 1.429427e-08
400 1.131966e-08
401 8.723246e-09
402 6.572726e-09
403 4.820969e-09
404 3.433903e-09
405 2.415184e-09
406 1.709332e-09
407 1.218029e-09
408 8.803973e-10
409 6.446493e-10
410 4.758144e-10
411 3.509197e-10
412 2.561061e-10
413 1.833598e-10
414 1.279257e-10
415 8.650994e-11
416 5.656183e-11
417 3.573842e-11
418 2.191272e-11
419 1.312634e-11
420 1.679362e-08
421 1.342412e-08
422 1.042014e-08
423 7.902777e-09
424 5.844869e-09
425 4.193197e-09
426 2.947943e-09
427 2.078635e-09
428 1.474620e-09
429 1.059242e-09
430 7.717059e-10
431 5.678653e-10
432 4.188821e-10
433 3.067007e-10
434 2.208444e-10
435 1.552859e-10
436 1.060434e-10
437 7.003865e-11
438 4.469469e-11
439 2.763788e-11
440 1.666713e-11
441 1.853578e-08
442 1.490170e-08
443 1.161502e-08
444 8.842193e-09
445 6.570583e-09
446 4.732813e-09
447 3.329790e-09
448 2.342570e-09
449 1.658548e-09
450 1.187150e-09
451 8.621895e-10
452 6.332821e-10
453 4.669614e-10
454 3.423961e-10
455 2.473333e-10
456 1.746557e-10
457 1.198756e-10
458 7.961408e-11
459 5.108338e-11
460 3.174560e-11
461 1.922003e-11
462 1.984837e-08
463 1.601606e-08
464 1.251568e-08
465 9.551981e-09
466 7.116447e-09
467 5.139986e-09
468 3.617548e-09
469 2.542472e-09
470 1.797390e-09
471 1.283770e-09
472 9.304111e-10
473 6.824892e-10
474 5.032732e-10
475 3.693533e-10
476 2.672798e-10
477 1.892790e-10
478 1.303138e-10
479 8.685136e-11
480 5.590333e-11
481 3.484782e-11
482 2.114852e-11
483 2.091758e-08
484 1.691935e-08
485 1.324864e-08
486 1.012742e-08
487 7.559972e-09
488 5.470901e-09
489 3.851320e-09
490 2.704619e-09
491 1.910022e-09
492 1.362014e-09
493 9.860138e-10
494 7.226841e-10
495 5.326261e-10
496 3.911466e-10
497 2.835153e-10
498 2.011583e-10
499 1.387972e-10
500 9.270879e-11
501 5.982009e-11
502 3.736938e-11
503 2.271269e-11
504 2.184787e-08
505 1.770806e-08
506 1.388862e-08
507 1.063010e-08
508 7.947923e-09
509 5.757957e-09
510 4.055269e-09
511 2.845951e-09
512 2.008421e-09
513 1.430254e-09
514 1.034264e-09
515 7.575358e-10
516 5.583096e-10
517 4.102634e-10
518 2.976297e-10
519 2.114650e-10
520 1.461749e-10
521 9.782327e-11
522 6.324484e-11
523 3.957042e-11
524 2.407762e-11
525 2.272648e-08
526 1.845297e-08
527 1.449112e-08
528 1.110439e-08
529 8.314105e-09
530 6.030995e-09
531 4.247666e-09
532 2.979823e-09
533 2.101450e-09
534 1.495247e-09
535 1.080214e-09
536 7.905337e-10
537 5.826538e-10
538 4.282696e-10
539 3.110122e-10
540 2.212579e-10
541 1.531793e-10
542 1.026779e-10
543 6.648015e-11
544 4.164670e-11
545 2.537314e-11
546 2.375671e-08
547 1.932658e-08
548 1.519924e-08
549 1.165991e-08
550 8.742672e-09
551 6.350939e-09
552 4.474150e-09
553 3.136689e-09
554 2.210262e-09
555 1.570947e-09
556 1.133750e-09
557 8.293251e-10
558 6.110246e-10
559 4.493605e-10
560 3.266474e-10
561 2.326914e-10
562 1.613594e-10
563 1.083487e-10
564 7.025540e-11
565 4.408536e-11
566 2.688690e-11
567 2.047105e-08
568 1.660085e-08
569 1.302243e-08
570 9.962323e-09
571 7.446556e-09
572 5.406085e-09
573 3.815203e-09
574 2.677326e-09
575 1.891309e-09
576 1.346650e-09
577 9.731799e-10
578 7.119589e-10
579 5.240669e-10
580 3.845510e-10
581 2.786512e-10
582 1.978229e-10
583 1.367350e-10
584 9.154258e-11
585 5.922796e-11
586 3.709818e-11
587 2.261454e-11
588 2.320846e-08
589 1.899614e-08
590 1.500833e-08
591 1.154454e-08
592 8.679665e-09
593 6.345924e-09
594 4.498818e-09
595 3.150061e-09
596 2.219862e-09
597 1.573060e-09
598 1.131020e-09
599 8.239320e-10
600 6.051412e-10
601 4.442375e-10
602 3.229253e-10
603 2.303962e-10
604 1.603042e-10
605 1.081837e-10
606 7.058374e-11
607 4.457501e-11
608 2.735582e-11
609 2.530092e-08
610 2.083722e-08
611 1.654043e-08
612 1.276574e-08
613 9.635495e-09
614 7.075347e-09
615 5.031108e-09
616 3.519851e-09
617 2.475883e-09
618 1.749896e-09
619 1.254054e-09
620 9.109708e-10
621 6.681586e-10
622 4.905021e-10
623 3.571091e-10
624 2.556351e-10
625 1.786047e-10
626 1.210846e-10
627 7.939246e-11
628 5.039334e-11
629 3.106093e-11
630 2.701113e-08
631 2.233471e-08
632 1.778949e-08
633 1.376441e-08
634 1.041272e-08
635 7.669728e-09
636 5.465348e-09
637 3.821965e-09
638 2.684880e-09
639 1.894094e-09
640 1.354479e-09
641 9.821809e-10
642 7.193658e-10
643 5.281764e-10
644 3.850018e-10
645 2.761595e-10
646 1.934969e-10
647 1.316059e-10
648 8.658326e-11
649 5.513429e-11
650 3.408579e-11
651 2.849961e-08
652 2.364332e-08
653 1.887726e-08
654 1.463480e-08
655 1.109231e-08
656 8.188754e-09
657 5.844697e-09
658 4.085512e-09
659 2.867533e-09
660 2.020072e-09
661 1.441979e-09
662 1.044093e-09
663 7.641794e-10
664 5.610213e-10
665 4.093632e-10
666 2.940569e-10
667 2.064544e-10
668 1.407920e-10
669 9.285029e-11
670 5.928661e-11
671 3.671641e-11
672 2.990362e-08
673 2.487972e-08
674 1.990666e-08
675 1.545766e-08
676 1.173519e-08
677 8.680949e-09
678 6.202912e-09
679 4.334845e-09
680 3.039834e-09
681 2.139238e-09
682 1.524918e-09
683 1.102762e-09
684 8.066095e-10
685 5.921854e-10
686 4.323422e-10
687 3.110638e-10
688 2.187532e-10
689 1.494785e-10
690 9.878809e-11
691 6.318869e-11
692 3.921574e-11
693 3.155783e-08
694 2.632960e-08
695 2.111138e-08
696 1.642008e-08
697 1.248599e-08
698 9.253257e-09
699 6.623081e-09
700 4.626232e-09
701 3.242056e-09
702 2.278584e-09
703 1.621815e-09
704 1.171261e-09
705 8.561256e-10
706 6.286300e-10
707 4.592964e-10
708 3.308882e-10
709 2.331226e-10
710 1.596476e-10
711 1.057459e-10
712 6.777922e-11
713 4.214246e-11
714 2.693689e-08
715 2.233171e-08
716 1.783129e-08
717 1.381968e-08
718 1.046474e-08
719 7.723589e-09
720 5.522016e-09
721 3.864275e-09
722 2.712763e-09
723 1.913025e-09
724 1.365709e-09
725 9.885095e-10
726 7.228866e-10
727 5.301567e-10
728 3.863309e-10
729 2.771499e-10
730 1.944099e-10
731 1.325127e-10
732 8.739795e-11
733 5.579226e-11
734 3.459045e-11
735 2.991596e-08
736 2.502168e-08
737 2.012686e-08
738 1.568450e-08
739 1.193376e-08
740 8.858914e-09
741 6.372775e-09
742 4.465714e-09
743 3.125920e-09
744 2.198979e-09
745 1.561800e-09
746 1.125308e-09
747 8.204177e-10
748 6.009124e-10
749 4.382057e-10
750 3.154722e-10
751 2.223905e-10
752 1.524755e-10
753 1.012695e-10
754 6.513965e-11
755 4.065427e-11
756 3.236519e-08
757 2.724576e-08
758 2.202679e-08
759 1.723031e-08
760 1.315256e-08
761 9.802798e-09
762 7.080735e-09
763 4.967784e-09
764 3.471093e-09
765 2.438023e-09
766 1.725766e-09
767 1.239569e-09
768 9.013860e-10
769 6.596401e-10
770 4.814224e-10
771 3.472335e-10
772 2.455518e-10
773 1.690818e-10
774 1.128161e-10
775 7.291049e-11
776 4.571337e-11
777 3.450347e-08
778 2.918154e-08
779 2.368767e-08
780 1.858540e-08
781 1.421912e-08
782 1.062770e-08
783 7.700502e-09
784 5.406778e-09
785 3.773620e-09
786 2.646801e-09
787 1.869038e-09
788 1.339683e-09
789 9.724920e-10
790 7.111443e-10
791 5.191695e-10
792 3.749929e-10
793 2.657970e-10
794 1.835936e-10
795 1.228943e-10
796 7.969704e-11
797 5.013478e-11
798 3.653092e-08
799 3.102369e-08
800 2.526314e-08
801 1.986828e-08
802 1.523218e-08
803 1.141335e-08
804 8.288654e-09
805 5.825033e-09
806 4.060573e-09
807 2.845766e-09
808 2.005506e-09
809 1.434508e-09
810 1.039974e-09
811 7.599277e-10
812 5.549451e-10
813 4.014164e-10
814 2.850467e-10
815 1.973659e-10
816 1.324960e-10
817 8.615635e-11
818 5.433894e-11
819 3.890761e-08
820 3.317604e-08
821 2.710726e-08
822 2.136905e-08
823 1.641323e-08
824 1.232686e-08
825 8.975093e-09
826 6.311334e-09
827 4.395607e-09
828 3.077137e-09
829 2.164223e-09
830 1.545219e-09
831 1.118517e-09
832 8.167293e-10
833 5.967773e-10
834 4.321771e-10
835 3.074624e-10
836 2.134296e-10
837 1.436914e-10
838 9.369421e-11
839 5.926151e-11
840 3.379257e-08
841 2.860162e-08
842 2.324470e-08
843 1.825396e-08
844 1.397328e-08
845 1.044636e-08
846 7.580581e-09
847 5.334627e-09
848 3.722018e-09
849 2.611715e-09
850 1.843109e-09
851 1.320064e-09
852 9.572515e-10
853 6.991260e-10
854 5.098713e-10
855 3.681815e-10
856 2.609353e-10
857 1.802229e-10
858 1.207600e-10
859 7.841195e-11
860 4.939984e-11
861 3.708468e-08
862 3.166167e-08
863 2.592610e-08
864 2.048260e-08
865 1.574709e-08
866 1.182992e-08
867 8.636414e-09
868 6.102422e-09
869 4.250413e-09
870 2.976573e-09
871 2.092196e-09
872 1.491729e-09
873 1.077204e-09
874 7.848647e-10
875 5.722612e-10
876 4.138109e-10
877 2.942982e-10
878 2.043462e-10
879 1.377331e-10
880 9.001633e-11
881 5.707682e-11
882 3.998697e-08
883 3.435952e-08
884 2.829887e-08
885 2.245795e-08
886 1.732284e-08
887 1.305824e-08
888 9.575832e-09
889 6.785784e-09
890 4.722690e-09
891 3.301977e-09
892 2.314749e-09
893 1.644890e-09
894 1.184305e-09
895 8.610399e-10
896 6.276230e-10
897 4.543157e-10
898 3.238801e-10
899 2.256846e-10
900 1.527667e-10
901 1.003073e-10
902 6.391194e-11
903 4.273116e-08
904 3.691838e-08
905 3.054979e-08
906 2.433053e-08
907 1.881974e-08
908 1.422791e-08
909 1.046734e-08
910 7.437060e-09
911 5.171339e-09
912 3.611706e-09
913 2.526486e-09
914 1.790290e-09
915 1.286111e-09
916 9.337292e-10
917 6.801321e-10
918 4.928538e-10
919 3.520360e-10
920 2.459695e-10
921 1.670986e-10
922 1.100980e-10
923 7.040147e-11
924 4.595091e-08
925 3.991329e-08
926 3.318496e-08
927 2.652331e-08
928 2.056714e-08
929 1.559054e-08
930 1.150910e-08
931 8.195561e-09
932 5.695519e-09
933 3.972895e-09
934 2.773272e-09
935 1.960286e-09
936 1.404551e-09
937 1.018116e-09
938 7.415674e-10
939 5.377974e-10
940 3.848160e-10
941 2.696514e-10
942 1.837806e-10
943 1.215166e-10
944 7.799812e-11
945 4.126562e-08
946 3.561778e-08
947 2.946734e-08
948 2.347615e-08
949 1.815939e-08
950 1.372061e-08
951 1.009391e-08
952 7.182423e-09
953 5.001075e-09
954 3.491655e-09
955 2.444816e-09
956 1.732449e-09
957 1.243600e-09
958 9.024199e-10
959 6.567394e-10
960 4.753568e-10
961 3.392486e-10
962 2.368865e-10
963 1.608354e-10
964 1.059875e-10
965 6.777890e-11
966 4.504045e-08
967 3.921213e-08
968 3.270605e-08
969 2.623409e-08
970 2.038929e-08
971 1.547157e-08
972 1.144677e-08
973 8.190293e-09
974 5.707794e-09
975 3.974997e-09
976 2.776752e-09
977 1.957942e-09
978 1.399266e-09
979 1.011665e-09
980 7.350288e-10
981 5.322598e-10
982 3.806320e-10
983 2.668376e-10
984 1.821256e-10
985 1.207462e-10
986 7.773703e-11
987 4.864443e-08
988 4.265320e-08
989 3.580986e-08
990 2.887527e-08
991 2.253137e-08
992 1.715757e-08
993 1.274648e-08
994 9.161810e-09
995 6.389117e-09
996 4.441485e-09
997 3.096687e-09
998 2.175375e-09
999 1.549063e-09
1000 1.116846e-09
1001 8.102236e-10
1002 5.867525e-10
1003 4.204173e-10
1004 2.955882e-10
1005 2.025951e-10
1006 1.349251e-10
1007 8.729314e-11
1008 5.286172e-08
1009 4.666308e-08
1010 3.943261e-08
1011 3.195504e-08
1012 2.503091e-08
1013 1.912227e-08
1014 1.426450e-08
1015 1.029480e-08
1016 7.185433e-09
1017 4.986598e-09
1018 3.470988e-09
1019 2.429451e-09
1020 1.724353e-09
1021 1.239543e-09
1022 8.980908e-10
1023 6.505136e-10
1024 4.667651e-10
1025 3.291692e-10
1026 2.264883e-10
1027 1.514887e-10
1028 9.847727e-11
1029 4.979835e-08
1030 4.382552e-08
1031 3.694637e-08
1032 2.990639e-08
1033 2.340850e-08
1034 1.786092e-08
1035 1.330276e-08
1036 9.596694e-09
1037 6.711769e-09
1038 4.659402e-09
1039 3.247852e-09
1040 2.275553e-09
1041 1.616408e-09
1042 1.162263e-09
1043 8.415479e-10
1044 6.088683e-10
1045 4.362001e-10
1046 3.070653e-10
1047 2.108745e-10
1048 1.408556e-10
1049 9.144009e-11
1050 5.444633e-08
1051 4.835365e-08
1052 4.112943e-08
1053 3.355680e-08
1054 2.642156e-08
1055 2.025380e-08
1056 1.516192e-08
1057 1.101016e-08
1058 7.728547e-09
1059 5.354544e-09
1060 3.725415e-09
1061 2.597821e-09
1062 1.836100e-09
1063 1.313886e-09
1064 9.483421e-10
1065 6.853097e-10
1066 4.915520e-10
1067 3.470566e-10
1068 2.394809e-10
1069 1.608780e-10
1070 1.051194e-10
1071 5.990060e-08
1072 5.366376e-08
1073 4.603689e-08
1074 3.783939e-08
1075 2.996425e-08
1076 2.306870e-08
1077 1.735307e-08
1078 1.267597e-08
1079 8.929177e-09
1080 6.176616e-09
1081 4.289210e-09
1082 2.978684e-09
1083 2.095795e-09
1084 1.492940e-09
1085 1.074314e-09
1086 7.754966e-10
1087 5.566525e-10
1088 3.941211e-10
1089 2.731127e-10
1090 1.844453e-10
1091 1.212442e-10
1092 6.035989e-08
1093 5.422334e-08
1094 4.666979e-08
1095 3.849728e-08
1096 3.057984e-08
1097 2.359283e-08
1098 1.777431e-08
1099 1.301899e-08
1100 9.208070e-09
1101 6.374322e-09
1102 4.422103e-09
1103 3.069353e-09
1104 2.154399e-09
1105 1.530653e-09
1106 1.098617e-09
1107 7.914688e-10
1108 5.675897e-10
1109 4.017942e-10
1110 2.786553e-10
1111 1.885117e-10
1112 1.241905e-10
1113 6.746556e-08
1114 6.129612e-08
1115 5.337546e-08
1116 4.451085e-08
1117 3.567292e-08
1118 2.770116e-08
1119 2.099660e-08
1120 1.549992e-08
1121 1.104650e-08
1122 7.652244e-09
1123 5.292233e-09
1124 3.660256e-09
1125 2.551455e-09
1126 1.800190e-09
1127 1.284808e-09
1128 9.224342e-10
1129 6.609014e-10
1130 4.687707e-10
1131 3.265380e-10
1132 2.222573e-10
1133 1.475549e-10
1134 7.717805e-08
1135 7.121010e-08
1136 6.304266e-08
1137 5.344790e-08
1138 4.346855e-08
1139 3.412917e-08
1140 2.609339e-08
1141 1.946323e-08
1142 1.405682e-08
1143 9.807332e-09
1144 6.754054e-09
1145 4.658092e-09
1146 3.214981e-09
1147 2.245032e-09
1148 1.585536e-09
1149 1.128872e-09
1150 8.052633e-10
1151 5.709654e-10
1152 3.990331e-10
1153 2.734919e-10
1154 1.833002e-10
