0 2.437610e-09
1 1.803957e-09
2 1.305504e-09
3 9.308428e-10
4 6.630252e-10
5 4.757326e-10
6 3.446188e-10
7 2.520180e-10
8 1.851466e-10
9 1.355654e-10
10 9.800099e-11
11 6.933229e-11
12 4.764715e-11
13 3.166260e-11
14 2.029625e-11
15 1.255803e-11
16 7.530450e-12
17 4.403431e-12
18 2.532355e-12
19 1.444152e-12
20 8.228903e-13
21 4.093446e-09
22 3.082734e-09
23 2.265609e-09
24 1.626597e-09
25 1.153559e-09
26 8.204673e-10
27 5.881352e-10
28 4.260114e-10
29 3.115416e-10
30 2.286381e-10
31 1.669409e-10
32 1.201363e-10
33 8.443706e-11
34 5.758136e-11
35 3.792539e-11
36 2.409512e-11
37 1.478689e-11
38 8.801122e-12
39 5.118011e-12
40 2.934113e-12
41 1.673018e-12
42 4.710947e-09
43 3.566541e-09
44 2.635500e-09
45 1.900488e-09
46 1.348779e-09
47 9.570995e-10
48 6.840865e-10
49 4.937696e-10
50 3.601374e-10
51 2.640770e-10
52 1.931175e-10
53 1.394946e-10
54 9.860089e-11
55 6.772997e-11
56 4.497067e-11
57 2.881709e-11
58 1.782761e-11
59 1.068437e-11
60 6.243873e-12
61 3.589963e-12
62 2.049637e-12
63 5.054019e-09
64 3.835663e-09
65 2.841821e-09
66 2.053279e-09
67 1.457734e-09
68 1.033477e-09
69 7.377155e-10
70 5.316300e-10
71 3.872787e-10
72 2.838680e-10
73 2.076880e-10
74 1.502578e-10
75 1.064934e-10
76 7.337779e-11
77 4.890870e-11
78 3.145747e-11
79 1.953065e-11
80 1.174151e-11
81 6.876145e-12
82 3.959031e-12
83 2.261561e-12
84 5.284826e-09
85 4.016693e-09
86 2.980212e-09
87 2.155744e-09
88 1.531175e-09
89 1.084818e-09
90 7.738062e-10
91 5.571355e-10
92 4.055353e-10
93 2.971422e-10
94 2.174796e-10
95 1.574832e-10
96 1.117889e-10
97 7.718037e-11
98 5.155070e-11
99 3.322979e-11
100 2.067749e-11
101 1.245273e-11
102 7.302163e-12
103 4.207496e-12
104 2.404395e-12
105 5.457809e-09
106 4.152446e-09
107 3.083954e-09
108 2.232691e-09
109 1.586020e-09
110 1.123405e-09
111 8.008643e-10
112 5.762569e-10
113 4.192356e-10
114 3.071297e-10
115 2.248398e-10
116 1.629121e-10
117 1.157651e-10
118 8.002807e-11
119 5.353426e-11
120 3.456110e-11
121 2.153677e-11
122 1.298518e-11
123 7.621487e-12
124 4.393786e-12
125 2.511402e-12
126 5.597858e-09
127 4.262024e-09
128 3.167842e-09
129 2.294926e-09
130 1.630654e-09
131 1.154484e-09
132 8.227664e-10
133 5.916588e-10
134 4.303402e-10
135 3.151983e-10
136 2.308138e-10
137 1.673186e-10
138 1.189988e-10
139 8.235728e-11
140 5.514044e-11
141 3.564497e-11
142 2.223413e-11
143 1.341847e-11
144 7.880334e-12
145 4.545104e-12
146 2.598579e-12
147 5.719723e-09
148 4.358915e-09
149 3.242281e-09
150 2.350077e-09
151 1.669718e-09
152 1.181930e-09
153 8.419743e-10
154 6.052911e-10
155 4.400628e-10
156 3.222603e-10
157 2.360271e-10
158 1.711937e-10
159 1.218352e-10
160 8.437360e-11
161 5.655127e-11
162 3.658894e-11
163 2.284363e-11
164 1.379659e-11
165 8.106259e-12
166 4.676755e-12
167 2.674199e-12
168 5.838238e-09
169 4.450600e-09
170 3.312348e-09
171 2.402110e-09
172 1.706690e-09
173 1.207927e-09
174 8.601953e-10
175 6.181413e-10
176 4.491600e-10
177 3.290347e-10
178 2.409866e-10
179 1.748469e-10
180 1.244729e-10
181 8.628304e-11
182 5.788159e-11
183 3.747747e-11
184 2.341893e-11
185 1.415365e-11
186 8.320507e-12
187 4.801773e-12
188 2.746057e-12
189 5.971460e-09
190 4.555004e-09
191 3.393230e-09
192 2.461862e-09
193 1.749577e-09
194 1.237873e-09
195 8.812728e-10
196 6.329080e-10
197 4.598608e-10
198 3.367487e-10
199 2.466857e-10
200 1.790785e-10
201 1.275983e-10
202 8.849953e-11
203 5.943342e-11
204 3.851841e-11
205 2.409075e-11
206 1.456913e-11
207 8.569951e-12
208 4.947234e-12
209 2.829607e-12
210 8.342435e-09
211 6.436588e-09
212 4.851964e-09
213 3.562319e-09
214 2.543612e-09
215 1.792926e-09
216 1.269427e-09
217 9.048896e-10
218 6.528678e-10
219 4.760089e-10
220 3.488944e-10
221 2.547625e-10
222 1.834294e-10
223 1.290518e-10
224 8.808041e-11
225 5.809167e-11
226 3.693723e-11
227 2.266971e-11
228 1.347884e-11
229 7.832901e-12
230 4.496400e-12
231 1.053476e-08
232 8.207830e-09
233 6.243626e-09
234 4.635058e-09
235 3.341107e-09
236 2.356887e-09
237 1.661794e-09
238 1.178714e-09
239 8.443288e-10
240 6.121762e-10
241 4.474382e-10
242 3.271326e-10
243 2.368635e-10
244 1.682245e-10
245 1.162613e-10
246 7.776457e-11
247 5.020670e-11
248 3.126752e-11
249 1.881369e-11
250 1.103027e-11
251 6.368040e-12
252 1.183343e-08
253 9.265540e-09
254 7.079231e-09
255 5.280133e-09
256 3.824242e-09
257 2.702592e-09
258 1.902030e-09
259 1.346157e-09
260 9.609351e-10
261 6.947295e-10
262 5.070041e-10
263 3.706651e-10
264 2.690108e-10
265 1.917834e-10
266 1.332126e-10
267 8.969545e-11
268 5.831731e-11
269 3.654332e-11
270 2.212293e-11
271 1.302734e-11
272 7.543304e-12
273 1.271463e-08
274 9.984080e-09
275 7.646343e-09
276 5.718218e-09
277 4.152834e-09
278 2.937208e-09
279 2.065733e-09
280 1.460158e-09
281 1.040557e-09
282 7.511028e-10
283 5.474750e-10
284 4.003479e-10
285 2.908441e-10
286 2.078159e-10
287 1.447883e-10
288 9.780258e-11
289 6.380941e-11
290 4.013876e-11
291 2.437500e-11
292 1.438805e-11
293 8.346055e-12
294 1.337548e-08
295 1.052241e-08
296 8.071505e-09
297 6.047511e-09
298 4.399045e-09
299 3.113469e-09
300 2.187984e-09
301 1.545734e-09
302 1.100091e-09
303 7.933249e-10
304 5.778833e-10
305 4.225337e-10
306 3.072105e-10
307 2.198090e-10
308 1.534424e-10
309 1.038846e-10
310 6.792622e-11
311 4.283327e-11
312 2.606461e-11
313 1.541044e-11
314 8.948247e-12
315 1.391074e-08
316 1.095926e-08
317 8.416332e-09
318 6.313468e-09
319 4.598645e-09
320 3.256158e-09
321 2.287699e-09
322 1.615153e-09
323 1.148482e-09
324 8.274591e-10
325 6.025188e-10
326 4.405478e-10
327 3.204247e-10
328 2.295130e-10
329 1.604632e-10
330 1.087970e-10
331 7.128446e-11
332 4.502073e-11
333 2.743838e-11
334 1.624034e-11
335 9.437345e-12
336 1.437716e-08
337 1.133905e-08
338 8.716786e-09
339 6.545562e-09
340 4.772376e-09
341 3.381120e-09
342 2.374475e-09
343 1.675849e-09
344 1.190579e-09
345 8.573448e-10
346 6.239133e-10
347 4.562771e-10
348 3.320198e-10
349 2.380148e-10
350 1.665753e-10
351 1.130854e-10
352 7.420254e-11
353 4.693077e-11
354 2.863469e-11
355 1.696173e-11
356 9.861958e-12
357 1.482088e-08
358 1.170067e-08
359 9.002491e-09
360 6.766779e-09
361 4.938134e-09
362 3.499143e-09
363 2.456961e-09
364 1.733119e-09
365 1.230658e-09
366 8.856365e-10
367 6.444114e-10
368 4.711706e-10
369 3.430337e-10
370 2.460761e-10
371 1.724066e-10
372 1.171834e-10
373 7.697097e-11
374 4.874382e-11
375 2.976499e-11
376 1.764731e-11
377 1.026615e-11
378 1.533603e-08
379 1.212142e-08
380 9.335119e-09
381 7.023432e-09
382 5.130885e-09
383 3.636907e-09
384 2.552668e-09
385 1.800082e-09
386 1.277460e-09
387 9.187574e-10
388 6.680468e-10
389 4.885421e-10
390 3.557996e-10
391 2.554508e-10
392 1.791436e-10
393 1.219267e-10
394 8.018976e-11
395 5.084239e-11
396 3.108619e-11
397 1.844737e-11
398 1.073789e-11
399 1.428468e-08
400 1.130953e-08
401 8.712597e-09
402 6.561300e-09
403 4.808680e-09
404 3.420637e-09
405 2.400734e-09
406 1.693531e-09
407 1.201048e-09
408 8.622320e-10
409 6.258242e-10
410 4.567740e-10
411 3.322187e-10
412 2.383935e-10
413 1.672886e-10
414 1.140183e-10
415 7.515913e-11
416 4.780816e-11
417 2.932679e-11
418 1.745492e-11
419 1.018628e-11
420 1.678217e-08
421 1.341286e-08
422 1.040837e-08
423 7.890302e-09
424 5.831473e-09
425 4.178992e-09
426 2.932395e-09
427 2.061902e-09
428 1.456569e-09
429 1.039837e-09
430 7.512930e-10
431 5.469749e-10
432 3.981517e-10
433 2.868088e-10
434 2.026049e-10
435 1.392838e-10
436 9.276547e-11
437 5.964652e-11
438 3.697983e-11
439 2.220649e-11
440 1.304728e-11
441 1.852421e-08
442 1.488973e-08
443 1.160261e-08
444 8.829794e-09
445 6.556439e-09
446 4.717613e-09
447 3.313364e-09
448 2.324928e-09
449 1.639504e-09
450 1.166713e-09
451 8.407349e-10
452 6.111684e-10
453 4.448146e-10
454 3.210676e-10
455 2.275231e-10
456 1.571813e-10
457 1.052424e-10
458 6.806824e-11
459 4.244561e-11
460 2.562329e-11
461 1.511443e-11
462 1.983626e-08
463 1.600128e-08
464 1.250273e-08
465 9.537280e-09
466 7.102033e-09
467 5.123853e-09
468 3.600405e-09
469 2.524309e-09
470 1.777654e-09
471 1.262690e-09
472 9.081776e-10
473 6.595159e-10
474 4.800273e-10
475 3.468756e-10
476 2.463891e-10
477 1.707027e-10
478 1.146924e-10
479 7.443432e-11
480 4.657898e-11
481 2.820953e-11
482 1.667932e-11
483 2.090491e-08
484 1.690583e-08
485 1.323521e-08
486 1.011440e-08
487 7.545054e-09
488 5.454318e-09
489 3.833853e-09
490 2.686131e-09
491 1.889841e-09
492 1.340261e-09
493 9.629260e-10
494 6.987931e-10
495 5.086340e-10
496 3.678208e-10
497 2.616382e-10
498 1.816568e-10
499 1.223447e-10
500 7.960299e-11
501 4.995442e-11
502 3.030980e-11
503 1.794640e-11
504 2.183469e-08
505 1.769518e-08
506 1.387470e-08
507 1.061562e-08
508 7.932618e-09
509 5.741566e-09
510 4.037471e-09
511 2.826830e-09
512 1.987764e-09
513 1.408150e-09
514 1.010696e-09
515 7.331231e-10
516 5.335854e-10
517 3.860794e-10
518 2.749835e-10
519 1.911950e-10
520 1.290072e-10
521 8.410438e-11
522 5.287252e-11
523 3.213472e-11
524 1.905291e-11
525 2.271292e-08
526 1.843902e-08
527 1.447691e-08
528 1.108936e-08
529 8.298465e-09
530 6.014198e-09
531 4.230004e-09
532 2.960472e-09
533 2.080382e-09
534 1.472229e-09
535 1.056025e-09
536 7.654704e-10
537 5.572173e-10
538 4.033995e-10
539 2.876227e-10
540 2.002842e-10
541 1.353201e-10
542 8.838429e-11
543 5.565242e-11
544 3.386964e-11
545 2.010462e-11
546 2.374261e-08
547 1.931214e-08
548 1.518450e-08
549 1.164463e-08
550 8.726527e-09
551 6.333850e-09
552 4.455918e-09
553 3.116671e-09
554 2.188615e-09
555 1.547674e-09
556 1.108978e-09
557 8.034565e-10
558 5.848121e-10
559 4.236422e-10
560 3.023867e-10
561 2.108867e-10
562 1.427059e-10
563 9.337131e-11
564 5.888967e-11
565 3.589925e-11
566 2.133343e-11
567 2.045857e-08
568 1.658789e-08
569 1.300913e-08
570 9.947209e-09
571 7.431787e-09
572 5.390182e-09
573 3.798312e-09
574 2.658923e-09
575 1.871600e-09
576 1.325329e-09
577 9.507348e-10
578 6.887226e-10
579 5.007044e-10
580 3.618122e-10
581 2.574490e-10
582 1.788672e-10
583 1.206789e-10
584 7.872647e-11
585 4.954243e-11
586 3.015104e-11
587 1.790873e-11
588 2.319465e-08
589 1.898189e-08
590 1.499377e-08
591 1.152950e-08
592 8.663156e-09
593 6.329080e-09
594 4.481007e-09
595 3.130604e-09
596 2.198647e-09
597 1.550323e-09
598 1.107102e-09
599 7.990840e-10
600 5.799132e-10
601 4.194736e-10
602 2.995356e-10
603 2.092868e-10
604 1.422313e-10
605 9.356511e-11
606 5.939744e-11
607 3.646297e-11
608 2.181171e-11
609 2.528763e-08
610 2.081979e-08
611 1.652501e-08
612 1.275188e-08
613 9.618151e-09
614 7.057576e-09
615 5.012564e-09
616 3.499768e-09
617 2.454026e-09
618 1.726273e-09
619 1.229064e-09
620 8.849051e-10
621 6.414776e-10
622 4.641774e-10
623 3.321277e-10
624 2.329120e-10
625 1.589452e-10
626 1.050954e-10
627 6.708864e-11
628 4.140166e-11
629 2.487208e-11
630 2.699575e-08
631 2.232166e-08
632 1.777323e-08
633 1.374683e-08
634 1.039557e-08
635 7.651589e-09
636 5.445942e-09
637 3.800998e-09
638 2.662355e-09
639 1.869846e-09
640 1.328487e-09
641 9.550610e-10
642 6.916339e-10
643 5.006695e-10
644 3.586536e-10
645 2.521099e-10
646 1.725967e-10
647 1.144891e-10
648 7.336824e-11
649 4.542420e-11
650 2.736472e-11
651 2.848298e-08
652 2.362677e-08
653 1.886052e-08
654 1.461776e-08
655 1.107462e-08
656 8.170019e-09
657 5.824712e-09
658 4.064032e-09
659 2.844388e-09
660 1.995350e-09
661 1.415388e-09
662 1.016074e-09
663 7.354241e-10
664 5.324511e-10
665 3.818577e-10
666 2.688987e-10
667 1.844689e-10
668 1.227057e-10
669 7.884238e-11
670 4.892939e-11
671 2.954344e-11
672 2.988699e-08
673 2.486259e-08
674 1.988940e-08
675 1.544016e-08
676 1.171553e-08
677 8.661579e-09
678 6.182283e-09
679 4.312760e-09
680 3.016020e-09
681 2.113442e-09
682 1.497599e-09
683 1.073996e-09
684 7.769291e-10
685 5.625760e-10
686 4.038871e-10
687 2.847522e-10
688 1.957297e-10
689 1.304437e-10
690 8.398451e-11
691 5.225386e-11
692 3.160914e-11
693 3.153715e-08
694 2.631163e-08
695 2.109337e-08
696 1.640177e-08
697 1.246836e-08
698 9.233864e-09
699 6.601506e-09
700 4.603611e-09
701 3.217583e-09
702 2.252253e-09
703 1.593619e-09
704 1.141491e-09
705 8.253790e-10
706 5.978391e-10
707 4.295043e-10
708 3.033550e-10
709 2.089119e-10
710 1.395443e-10
711 9.005012e-11
712 5.614223e-11
713 3.402290e-11
714 2.692149e-08
715 2.231589e-08
716 1.781514e-08
717 1.380317e-08
718 1.044688e-08
719 7.705449e-09
720 5.502885e-09
721 3.843846e-09
722 2.690236e-09
723 1.888898e-09
724 1.339976e-09
725 9.615532e-10
726 6.953925e-10
727 5.028892e-10
728 3.602065e-10
729 2.533050e-10
730 1.736658e-10
731 1.154276e-10
732 7.417246e-11
733 4.605988e-11
734 2.783768e-11
735 2.989932e-08
736 2.500460e-08
737 2.010756e-08
738 1.566547e-08
739 1.191562e-08
740 8.839839e-09
741 6.352418e-09
742 4.443593e-09
743 3.102285e-09
744 2.173594e-09
745 1.534800e-09
746 1.096949e-09
747 7.911369e-10
748 5.716411e-10
749 4.101306e-10
750 2.895033e-10
751 1.994902e-10
752 1.334975e-10
753 8.639670e-11
754 5.408237e-11
755 3.291069e-11
756 3.234759e-08
757 2.722736e-08
758 2.200830e-08
759 1.721316e-08
760 1.313348e-08
761 9.782864e-09
762 7.059397e-09
763 4.944769e-09
764 3.446753e-09
765 2.411538e-09
766 1.697518e-09
767 1.209930e-09
768 8.707753e-10
769 6.288521e-10
770 4.515193e-10
771 3.194746e-10
772 2.209206e-10
773 1.484659e-10
774 9.660281e-11
775 6.077090e-11
776 3.715218e-11
777 3.448503e-08
778 2.916239e-08
779 2.366829e-08
780 1.856461e-08
781 1.419927e-08
782 1.060703e-08
783 7.678540e-09
784 5.383202e-09
785 3.748447e-09
786 2.619624e-09
787 1.840076e-09
788 1.308737e-09
789 9.404332e-10
790 6.789036e-10
791 4.878802e-10
792 3.457318e-10
793 2.397100e-10
794 1.616260e-10
795 1.055240e-10
796 6.660929e-11
797 4.085703e-11
798 3.651642e-08
799 3.100364e-08
800 2.524294e-08
801 1.984751e-08
802 1.521214e-08
803 1.139179e-08
804 8.265868e-09
805 5.800763e-09
806 4.034530e-09
807 2.817567e-09
808 1.975358e-09
809 1.402734e-09
810 1.006947e-09
811 7.264170e-10
812 5.222530e-10
813 3.706198e-10
814 2.575149e-10
815 1.740351e-10
816 1.139625e-10
817 7.216746e-11
818 4.438047e-11
819 3.889150e-08
820 3.315446e-08
821 2.708567e-08
822 2.134752e-08
823 1.639149e-08
824 1.230452e-08
825 8.951548e-09
826 6.286356e-09
827 4.368604e-09
828 3.048143e-09
829 2.133168e-09
830 1.512262e-09
831 1.084088e-09
832 7.817699e-10
833 5.623871e-10
834 3.997252e-10
835 2.782320e-10
836 1.886171e-10
837 1.238314e-10
838 7.863824e-11
839 4.849444e-11
840 3.377449e-08
841 2.858282e-08
842 2.322369e-08
843 1.823474e-08
844 1.395303e-08
845 1.042597e-08
846 7.558902e-09
847 5.311493e-09
848 3.697020e-09
849 2.584935e-09
850 1.814521e-09
851 1.289753e-09
852 9.260525e-10
853 6.675314e-10
854 4.792728e-10
855 3.395267e-10
856 2.353835e-10
857 1.587223e-10
858 1.037366e-10
859 6.558818e-11
860 4.029712e-11
861 3.706558e-08
862 3.163886e-08
863 2.590550e-08
864 2.046180e-08
865 1.572627e-08
866 1.180840e-08
867 8.613538e-09
868 6.077839e-09
869 4.224240e-09
870 2.948540e-09
871 2.062250e-09
872 1.460002e-09
873 1.044226e-09
874 7.514187e-10
875 5.394344e-10
876 3.829428e-10
877 2.665610e-10
878 1.807282e-10
879 1.188692e-10
880 7.568458e-11
881 4.680939e-11
882 3.996627e-08
883 3.433763e-08
884 2.827704e-08
885 2.243486e-08
886 1.730095e-08
887 1.303581e-08
888 9.551753e-09
889 6.760650e-09
890 4.695542e-09
891 3.272903e-09
892 2.283561e-09
893 1.611557e-09
894 1.149777e-09
895 8.259598e-10
896 5.930626e-10
897 4.216129e-10
898 2.942434e-10
899 2.002730e-10
900 1.323071e-10
901 8.464553e-11
902 5.261244e-11
903 4.271430e-08
904 3.689563e-08
905 3.052835e-08
906 2.430948e-08
907 1.879737e-08
908 1.420427e-08
909 1.044259e-08
910 7.410809e-09
911 5.143305e-09
912 3.581122e-09
913 2.494060e-09
914 1.756011e-09
915 1.250087e-09
916 8.970391e-10
917 6.438573e-10
918 4.581862e-10
919 3.205169e-10
920 2.187922e-10
921 1.450597e-10
922 9.317753e-11
923 5.812716e-11
924 4.593215e-08
925 3.988865e-08
926 3.316019e-08
927 2.649880e-08
928 2.054286e-08
929 1.556585e-08
930 1.148335e-08
931 8.168243e-09
932 5.666351e-09
933 3.941586e-09
934 2.739662e-09
935 1.924535e-09
936 1.366957e-09
937 9.795732e-10
938 7.031905e-10
939 5.010368e-10
940 3.510989e-10
941 2.404303e-10
942 1.599477e-10
943 1.031045e-10
944 6.457171e-11
945 4.124446e-08
946 3.559557e-08
947 2.944551e-08
948 2.345380e-08
949 1.813698e-08
950 1.369766e-08
951 1.006972e-08
952 7.156550e-09
953 4.973518e-09
954 3.462292e-09
955 2.413280e-09
956 1.699009e-09
957 1.208636e-09
958 8.667047e-10
959 6.214316e-10
960 4.418922e-10
961 3.088440e-10
962 2.106572e-10
963 1.396379e-10
964 8.969128e-11
965 5.597893e-11
966 4.502210e-08
967 3.918834e-08
968 3.268213e-08
969 2.621017e-08
970 2.036544e-08
971 1.544741e-08
972 1.142120e-08
973 8.163518e-09
974 5.679025e-09
975 3.944400e-09
976 2.743740e-09
977 1.922836e-09
978 1.362456e-09
979 9.738162e-10
980 6.976296e-10
981 4.964112e-10
982 3.478388e-10
983 2.383584e-10
984 1.588420e-10
985 1.026902e-10
986 6.452263e-11
987 4.862546e-08
988 4.262781e-08
989 3.578410e-08
990 2.884963e-08
991 2.250669e-08
992 1.713190e-08
993 1.271985e-08
994 9.133270e-09
995 6.359182e-09
996 4.409364e-09
997 3.062410e-09
998 2.138775e-09
999 1.510751e-09
1000 1.077283e-09
1001 7.707530e-10
1002 5.486172e-10
1003 3.853156e-10
1004 2.648524e-10
1005 1.772697e-10
1006 1.151877e-10
1007 7.273717e-11
1008 5.284054e-08
1009 4.663960e-08
1010 3.940038e-08
1011 3.192783e-08
1012 2.500378e-08
1013 1.909518e-08
1014 1.423658e-08
1015 1.026545e-08
1016 7.153923e-09
1017 4.953135e-09
1018 3.435068e-09
1019 2.391169e-09
1020 1.683899e-09
1021 1.197772e-09
1022 8.561643e-10
1023 6.098414e-10
1024 4.290227e-10
1025 2.958867e-10
1026 1.988205e-10
1027 1.297467e-10
1028 8.234175e-11
1029 4.977424e-08
1030 4.379975e-08
1031 3.692034e-08
1032 2.988058e-08
1033 2.338286e-08
1034 1.783509e-08
1035 1.327597e-08
1036 9.568429e-09
1037 6.681746e-09
1038 4.627260e-09
1039 3.213194e-09
1040 2.238612e-09
1041 1.577533e-09
1042 1.122084e-09
1043 8.015813e-10
1044 5.702541e-10
1045 4.005357e-10
1046 2.757379e-10
1047 1.849825e-10
1048 1.205596e-10
1049 7.638843e-11
1050 5.442036e-08
1051 4.832591e-08
1052 4.110110e-08
1053 3.352861e-08
1054 2.639386e-08
1055 2.022608e-08
1056 1.513344e-08
1057 1.098043e-08
1058 7.696829e-09
1059 5.320617e-09
1060 3.689126e-09
1061 2.559055e-09
1062 1.795252e-09
1063 1.271646e-09
1064 9.059328e-10
1065 6.439782e-10
1066 4.530504e-10
1067 3.129251e-10
1068 2.109973e-10
1069 1.383674e-10
1070 8.828317e-11
1071 5.987253e-08
1072 5.363345e-08
1073 4.600623e-08
1074 3.781064e-08
1075 2.993557e-08
1076 2.303909e-08
1077 1.732291e-08
1078 1.264442e-08
1079 8.895776e-09
1080 6.141042e-09
1081 4.251063e-09
1082 2.937841e-09
1083 2.052708e-09
1084 1.448130e-09
1085 1.029006e-09
1086 7.311259e-10
1087 5.149824e-10
1088 3.568238e-10
1089 2.416705e-10
1090 1.593383e-10
1091 1.023001e-10
1092 6.033222e-08
1093 5.419327e-08
1094 4.663886e-08
1095 3.846670e-08
1096 3.054973e-08
1097 2.356297e-08
1098 1.774393e-08
1099 1.298746e-08
1100 9.174774e-09
1101 6.338727e-09
1102 4.384081e-09
1103 3.028502e-09
1104 2.111243e-09
1105 1.485805e-09
1106 1.053265e-09
1107 7.470085e-10
1108 5.258282e-10
1109 3.643447e-10
1110 2.470487e-10
1111 1.632046e-10
1112 1.050321e-10
1113 6.743524e-08
1114 6.126297e-08
1115 5.334156e-08
1116 4.447700e-08
1117 3.563994e-08
1118 2.766917e-08
1119 2.096398e-08
1120 1.546611e-08
1121 1.101088e-08
1122 7.614459e-09
1123 5.251807e-09
1124 3.617104e-09
1125 2.505600e-09
1126 1.752339e-09
1127 1.236120e-09
1128 8.743580e-10
1129 6.152893e-10
1130 4.274298e-10
1131 2.911833e-10
1132 1.936179e-10
1133 1.255847e-10
1134 7.714502e-08
1135 7.117350e-08
1136 6.300474e-08
1137 5.340980e-08
1138 4.343116e-08
1139 3.409311e-08
1140 2.605757e-08
1141 1.942652e-08
1142 1.401842e-08
1143 9.766785e-09
1144 6.710814e-09
1145 4.611942e-09
1146 3.165840e-09
1147 2.193510e-09
1148 1.532723e-09
1149 1.076485e-09
1150 7.548427e-10
1151 5.246633e-10
1152 3.589595e-10
1153 2.404939e-10
1154 1.575316e-10
