0 2.442258e-09
1 1.809297e-09
2 1.311538e-09
3 9.375574e-10
4 6.703970e-10
5 4.837286e-10
6 3.530896e-10
7 2.608112e-10
8 1.940243e-10
9 1.442410e-10
10 1.062122e-10
11 7.685676e-11
12 5.428100e-11
13 3.729989e-11
14 2.489230e-11
15 1.615849e-11
16 1.025489e-11
17 6.415830e-12
18 3.995793e-12
19 2.502771e-12
20 1.591458e-12
21 4.099401e-09
22 3.089139e-09
23 2.273179e-09
24 1.635022e-09
25 1.162812e-09
26 8.305645e-10
27 5.988996e-10
28 4.373662e-10
29 3.232800e-10
30 2.404435e-10
31 1.784419e-10
32 1.309755e-10
33 9.431761e-11
34 6.623968e-11
35 4.520878e-11
36 2.996485e-11
37 1.933310e-11
38 1.221312e-11
39 7.623145e-12
40 4.749144e-12
41 2.983017e-12
42 4.717319e-09
43 3.573781e-09
44 2.643554e-09
45 1.909372e-09
46 1.358589e-09
47 9.677405e-10
48 6.955444e-10
49 5.059204e-10
50 3.727579e-10
51 2.768424e-10
52 2.056173e-10
53 1.513823e-10
54 1.095202e-10
55 7.739321e-11
56 5.319043e-11
57 3.549931e-11
58 2.304419e-11
59 1.462357e-11
60 9.149389e-12
61 5.698738e-12
62 3.570786e-12
63 5.060583e-09
64 3.843099e-09
65 2.850091e-09
66 2.062562e-09
67 1.467936e-09
68 1.044466e-09
69 7.495635e-10
70 5.442025e-10
71 4.003427e-10
72 2.971263e-10
73 2.207593e-10
74 1.627270e-10
75 1.180055e-10
76 8.361346e-11
77 5.763965e-11
78 3.858959e-11
79 2.512019e-11
80 1.597431e-11
81 1.000455e-11
82 6.231866e-12
83 3.900792e-12
84 5.291682e-09
85 4.024286e-09
86 2.988790e-09
87 2.165167e-09
88 1.541517e-09
89 1.096053e-09
90 7.859009e-10
91 5.699392e-10
92 4.189434e-10
93 3.107738e-10
94 2.309397e-10
95 1.703614e-10
96 1.236882e-10
97 8.779127e-11
98 6.062937e-11
99 4.066656e-11
100 2.651415e-11
101 1.688315e-11
102 1.058093e-11
103 6.590768e-12
104 4.123073e-12
105 5.464689e-09
106 4.160157e-09
107 3.092580e-09
108 2.242259e-09
109 1.596530e-09
110 1.134825e-09
111 8.131127e-10
112 5.892813e-10
113 4.328414e-10
114 3.210138e-10
115 2.385593e-10
116 1.761043e-10
117 1.279701e-10
118 9.093019e-11
119 6.287533e-11
120 4.222481e-11
121 2.756240e-11
122 1.756398e-11
123 1.101216e-11
124 6.860856e-12
125 4.290035e-12
126 5.604819e-09
127 4.269824e-09
128 3.176645e-09
129 2.304663e-09
130 1.641152e-09
131 1.166010e-09
132 8.352516e-10
133 6.049380e-10
134 4.441623e-10
135 3.292982e-10
136 2.447656e-10
137 1.807202e-10
138 1.314332e-10
139 9.345835e-11
140 6.468081e-11
141 4.348768e-11
142 2.841090e-11
143 1.811553e-11
144 1.136264e-11
145 7.078420e-12
146 4.425086e-12
147 5.728663e-09
148 4.366819e-09
149 3.251117e-09
150 2.359868e-09
151 1.680620e-09
152 1.193671e-09
153 8.545286e-10
154 6.186966e-10
155 4.540772e-10
156 3.365492e-10
157 2.501724e-10
158 1.848042e-10
159 1.344666e-10
160 9.569420e-11
161 6.627867e-11
162 4.458952e-11
163 2.915151e-11
164 1.859873e-11
165 1.166827e-11
166 7.268397e-12
167 4.542925e-12
168 5.845391e-09
169 4.458391e-09
170 3.321375e-09
171 2.411970e-09
172 1.717463e-09
173 1.219724e-09
174 8.729409e-10
175 6.316889e-10
176 4.633855e-10
177 3.434473e-10
178 2.552832e-10
179 1.886279e-10
180 1.373517e-10
181 9.779265e-11
182 6.778942e-11
183 4.563660e-11
184 2.985394e-11
185 1.905432e-11
186 1.195793e-11
187 7.448873e-12
188 4.654680e-12
189 5.978749e-09
190 4.563136e-09
191 3.402027e-09
192 2.472004e-09
193 1.760542e-09
194 1.249807e-09
195 8.941444e-10
196 6.466018e-10
197 4.742014e-10
198 3.514153e-10
199 2.612776e-10
200 1.931133e-10
201 1.406749e-10
202 1.002380e-10
203 6.953987e-11
204 4.685239e-11
205 3.067046e-11
206 1.958665e-11
207 1.229544e-11
208 7.659423e-12
209 4.784795e-12
210 8.351102e-09
211 6.446139e-09
212 4.862589e-09
213 3.573972e-09
214 2.556367e-09
215 1.806805e-09
216 1.284418e-09
217 9.208665e-10
218 6.697087e-10
219 4.935928e-10
220 3.667128e-10
221 2.722269e-10
222 2.000622e-10
223 1.442819e-10
224 1.015119e-10
225 6.940026e-11
226 4.606111e-11
227 2.972574e-11
228 1.878122e-11
229 1.171978e-11
230 7.299281e-12
231 1.054468e-08
232 8.218600e-09
233 6.255361e-09
234 4.647956e-09
235 3.355160e-09
236 2.372366e-09
237 1.678429e-09
238 1.196393e-09
239 8.630292e-10
240 6.318649e-10
241 4.676937e-10
242 3.472172e-10
243 2.562958e-10
244 1.863008e-10
245 1.324770e-10
246 9.167670e-11
247 6.159223e-11
248 4.021322e-11
249 2.562353e-11
250 1.606636e-11
251 1.001165e-11
252 1.184403e-08
253 9.276974e-09
254 7.091663e-09
255 5.293346e-09
256 3.838897e-09
257 2.718579e-09
258 1.919469e-09
259 1.364930e-09
260 9.809917e-10
261 7.157883e-10
262 5.285932e-10
263 3.923060e-10
264 2.899998e-10
265 2.115318e-10
266 1.510761e-10
267 1.051052e-10
268 7.102889e-11
269 4.661521e-11
270 2.983555e-11
271 1.875622e-11
272 1.169636e-11
273 1.272494e-08
274 9.995958e-09
275 7.659209e-09
276 5.732255e-09
277 4.168128e-09
278 2.954003e-09
279 2.083766e-09
280 1.479559e-09
281 1.061255e-09
282 7.729008e-10
283 5.700059e-10
284 4.230522e-10
285 3.129528e-10
286 2.286650e-10
287 1.637286e-10
288 1.142435e-10
289 7.742167e-11
290 5.096719e-11
291 3.269676e-11
292 2.058774e-11
293 1.284687e-11
294 1.338697e-08
295 1.053470e-08
296 8.084808e-09
297 6.061994e-09
298 4.414977e-09
299 3.130459e-09
300 2.206514e-09
301 1.565447e-09
302 1.121267e-09
303 8.156132e-10
304 6.010802e-10
305 4.459878e-10
306 3.301168e-10
307 2.415032e-10
308 1.732120e-10
309 1.210773e-10
310 8.223703e-11
311 5.423570e-11
312 3.485159e-11
313 2.196277e-11
314 1.370682e-11
315 1.392252e-08
316 1.097184e-08
317 8.429943e-09
318 6.328257e-09
319 4.615002e-09
320 3.273911e-09
321 2.306414e-09
322 1.635325e-09
323 1.170114e-09
324 8.503462e-10
325 6.262804e-10
326 4.646577e-10
327 3.440589e-10
328 2.518843e-10
329 1.808508e-10
330 1.266189e-10
331 8.613927e-11
332 5.688771e-11
333 3.659578e-11
334 2.307800e-11
335 1.440538e-11
336 1.438919e-08
337 1.135188e-08
338 8.730630e-09
339 6.560625e-09
340 4.788802e-09
341 3.398929e-09
342 2.393848e-09
343 1.696458e-09
344 1.212756e-09
345 8.807865e-10
346 6.481319e-10
347 4.807922e-10
348 3.561748e-10
349 2.609411e-10
350 1.875480e-10
351 1.314686e-10
352 8.953860e-11
353 5.920420e-11
354 3.811063e-11
355 2.404987e-11
356 1.501508e-11
357 1.483315e-08
358 1.171374e-08
359 9.016524e-09
360 6.782042e-09
361 4.954798e-09
362 3.517219e-09
363 2.476496e-09
364 1.754223e-09
365 1.253082e-09
366 9.094361e-10
367 6.691334e-10
368 4.962939e-10
369 3.677000e-10
370 2.695541e-10
371 1.939009e-10
372 1.360535e-10
373 9.275967e-11
374 6.139327e-11
375 3.955410e-11
376 2.497029e-11
377 1.559432e-11
378 1.534853e-08
379 1.213450e-08
380 9.349524e-09
381 7.039109e-09
382 5.147929e-09
383 3.655324e-09
384 2.572407e-09
385 1.821338e-09
386 1.300469e-09
387 9.429302e-10
388 6.933470e-10
389 5.142775e-10
390 3.811631e-10
391 2.796194e-10
392 2.013359e-10
393 1.413990e-10
394 9.652129e-11
395 6.394598e-11
396 4.123153e-11
397 2.605151e-11
398 1.626884e-11
399 1.429649e-08
400 1.132223e-08
401 8.726186e-09
402 6.576069e-09
403 4.824678e-09
404 3.437937e-09
405 2.419450e-09
406 1.713820e-09
407 1.222714e-09
408 8.852319e-10
409 6.494695e-10
410 4.806967e-10
411 3.558010e-10
412 2.608098e-10
413 1.878176e-10
414 1.320720e-10
415 9.031102e-11
416 5.999381e-11
417 3.878990e-11
418 2.456874e-11
419 1.537080e-11
420 1.679596e-08
421 1.342680e-08
422 1.042325e-08
423 7.906363e-09
424 5.848900e-09
425 4.197614e-09
426 2.952616e-09
427 2.083414e-09
428 1.479623e-09
429 1.064469e-09
430 7.770125e-10
431 5.732603e-10
432 4.241925e-10
433 3.118580e-10
434 2.258774e-10
435 1.599835e-10
436 1.103630e-10
437 7.397925e-11
438 4.823750e-11
439 3.074331e-11
440 1.930698e-11
441 1.853818e-08
442 1.490445e-08
443 1.161821e-08
444 8.845876e-09
445 6.574821e-09
446 4.737439e-09
447 3.334706e-09
448 2.347872e-09
449 1.663893e-09
450 1.192684e-09
451 8.677367e-10
452 6.389347e-10
453 4.726397e-10
454 3.479953e-10
455 2.527126e-10
456 1.797239e-10
457 1.245631e-10
458 8.391077e-11
459 5.496097e-11
460 3.516238e-11
461 2.213786e-11
462 1.985081e-08
463 1.601890e-08
464 1.251896e-08
465 9.555796e-09
466 7.120722e-09
467 5.144735e-09
468 3.622651e-09
469 2.547798e-09
470 1.802942e-09
471 1.289332e-09
472 9.363111e-10
473 6.884708e-10
474 5.091186e-10
475 3.751591e-10
476 2.729133e-10
477 1.945845e-10
478 1.352633e-10
479 9.139590e-11
480 6.005364e-11
481 3.851014e-11
482 2.427646e-11
483 2.092006e-08
484 1.692223e-08
485 1.325202e-08
486 1.013134e-08
487 7.564392e-09
488 5.475796e-09
489 3.856539e-09
490 2.710137e-09
491 1.915818e-09
492 1.367930e-09
493 9.920387e-10
494 7.288038e-10
495 5.387698e-10
496 3.971658e-10
497 2.893227e-10
498 2.066710e-10
499 1.439443e-10
500 9.748209e-11
501 6.418288e-11
502 4.121719e-11
503 2.601019e-11
504 2.185039e-08
505 1.771098e-08
506 1.389205e-08
507 1.063411e-08
508 7.952481e-09
509 5.762991e-09
510 4.060641e-09
511 2.851587e-09
512 2.014316e-09
513 1.436407e-09
514 1.040549e-09
515 7.638129e-10
516 5.646054e-10
517 4.164643e-10
518 3.036859e-10
519 2.171866e-10
520 1.515440e-10
521 1.027999e-10
522 6.777492e-11
523 4.358202e-11
524 2.752195e-11
525 2.272905e-08
526 1.845595e-08
527 1.449459e-08
528 1.110842e-08
529 8.318719e-09
530 6.036961e-09
531 4.253155e-09
532 2.985651e-09
533 2.107473e-09
534 1.501402e-09
535 1.086577e-09
536 7.970176e-10
537 5.891249e-10
538 4.346451e-10
539 3.172022e-10
540 2.271753e-10
541 1.587178e-10
542 1.078431e-10
543 7.118176e-11
544 4.582129e-11
545 2.895975e-11
546 2.375933e-08
547 1.932961e-08
548 1.520281e-08
549 1.166408e-08
550 8.747423e-09
551 6.356184e-09
552 4.479742e-09
553 3.142610e-09
554 2.216491e-09
555 1.577176e-09
556 1.140327e-09
557 8.360192e-10
558 6.177518e-10
559 4.559743e-10
560 3.330881e-10
561 2.388366e-10
562 1.671220e-10
563 1.137099e-10
564 7.517204e-11
565 4.844990e-11
566 3.063553e-11
567 2.047349e-08
568 1.660296e-08
569 1.302573e-08
570 9.966172e-09
571 7.450680e-09
572 5.410918e-09
573 3.820340e-09
574 2.682686e-09
575 1.896937e-09
576 1.352323e-09
577 9.790880e-10
578 7.179760e-10
579 5.300189e-10
580 3.903999e-10
581 2.843663e-10
582 2.032369e-10
583 1.417764e-10
584 9.620993e-11
585 6.348409e-11
586 4.087658e-11
587 2.585148e-11
588 2.321101e-08
589 1.899910e-08
590 1.500931e-08
591 1.154857e-08
592 8.684289e-09
593 6.351033e-09
594 4.504619e-09
595 3.155737e-09
596 2.225789e-09
597 1.579164e-09
598 1.137282e-09
599 8.304891e-10
600 6.116286e-10
601 4.506891e-10
602 3.291379e-10
603 2.363581e-10
604 1.659165e-10
605 1.133843e-10
606 7.536715e-11
607 4.883389e-11
608 3.104021e-11
609 2.530348e-08
610 2.084025e-08
611 1.654400e-08
612 1.276986e-08
613 9.640233e-09
614 7.080600e-09
615 5.036787e-09
616 3.525985e-09
617 2.482194e-09
618 1.756380e-09
619 1.260774e-09
620 9.177698e-10
621 6.749906e-10
622 4.972471e-10
623 3.637282e-10
624 2.619445e-10
625 1.845808e-10
626 1.266992e-10
627 8.461097e-11
628 5.504862e-11
629 3.509170e-11
630 2.701374e-08
631 2.233778e-08
632 1.779319e-08
633 1.376870e-08
634 1.041763e-08
635 7.675159e-09
636 5.471231e-09
637 3.828225e-09
638 2.691354e-09
639 1.900839e-09
640 1.361460e-09
641 9.891799e-10
642 7.265141e-10
643 5.352352e-10
644 3.919467e-10
645 2.827930e-10
646 1.997700e-10
647 1.375520e-10
648 9.212470e-11
649 6.009876e-11
650 3.839515e-11
651 2.850226e-08
652 2.364644e-08
653 1.888098e-08
654 1.463918e-08
655 1.109735e-08
656 8.194404e-09
657 5.850778e-09
658 4.091957e-09
659 2.874311e-09
660 2.027055e-09
661 1.449154e-09
662 1.051438e-09
663 7.715899e-10
664 5.684264e-10
665 4.165706e-10
666 3.010375e-10
667 2.130475e-10
668 1.470248e-10
669 9.868187e-11
670 6.452005e-11
671 4.127245e-11
672 2.990631e-08
673 2.488288e-08
674 1.991042e-08
675 1.546208e-08
676 1.174033e-08
677 8.686742e-09
678 6.209225e-09
679 4.341516e-09
680 3.046833e-09
681 2.146500e-09
682 1.532325e-09
683 1.110347e-09
684 8.142231e-10
685 5.997814e-10
686 4.398658e-10
687 3.182628e-10
688 2.256049e-10
689 1.559886e-10
690 1.048790e-10
691 6.868168e-11
692 4.401130e-11
693 3.156058e-08
694 2.633284e-08
695 2.111524e-08
696 1.642467e-08
697 1.249129e-08
698 9.259751e-09
699 6.629529e-09
700 4.633094e-09
701 3.249248e-09
702 2.286031e-09
703 1.629464e-09
704 1.179135e-09
705 8.640445e-10
706 6.365627e-10
707 4.670643e-10
708 3.383912e-10
709 2.402723e-10
710 1.664588e-10
711 1.121668e-10
712 7.358375e-11
713 4.719872e-11
714 2.693951e-08
715 2.233475e-08
716 1.783489e-08
717 1.382392e-08
718 1.046964e-08
719 7.729048e-09
720 5.527892e-09
721 3.870756e-09
722 2.719557e-09
723 1.919738e-09
724 1.372523e-09
725 9.955275e-10
726 7.299800e-10
727 5.372389e-10
728 3.931957e-10
729 2.838156e-10
730 2.006734e-10
731 1.384049e-10
732 9.288917e-11
733 6.075132e-11
734 3.890048e-11
735 2.991863e-08
736 2.502479e-08
737 2.013060e-08
738 1.568891e-08
739 1.193883e-08
740 8.864603e-09
741 6.378669e-09
742 4.472307e-09
743 3.133031e-09
744 2.206237e-09
745 1.569102e-09
746 1.132819e-09
747 8.279376e-10
748 6.083695e-10
749 4.456258e-10
750 3.225868e-10
751 2.291731e-10
752 1.589435e-10
753 1.073645e-10
754 7.064164e-11
755 4.546656e-11
756 3.236787e-08
757 2.724897e-08
758 2.203063e-08
759 1.723487e-08
760 1.315782e-08
761 9.808674e-09
762 7.087155e-09
763 4.974601e-09
764 3.478190e-09
765 2.445335e-09
766 1.733460e-09
767 1.247590e-09
768 9.092724e-10
769 6.675617e-10
770 4.892553e-10
771 3.548009e-10
772 2.528111e-10
773 1.759849e-10
774 1.193699e-10
775 7.886554e-11
776 5.094091e-11
777 3.450777e-08
778 2.918476e-08
779 2.369157e-08
780 1.859004e-08
781 1.422453e-08
782 1.063382e-08
783 7.707170e-09
784 5.413870e-09
785 3.781081e-09
786 2.654628e-09
787 1.876995e-09
788 1.347853e-09
789 9.807120e-10
790 7.193033e-10
791 5.273800e-10
792 3.829735e-10
793 2.734264e-10
794 1.909070e-10
795 1.298679e-10
796 8.605993e-11
797 5.572479e-11
798 3.653368e-08
799 3.102698e-08
800 2.526929e-08
801 1.987300e-08
802 1.523812e-08
803 1.141966e-08
804 8.295601e-09
805 5.832419e-09
806 4.068338e-09
807 2.853801e-09
808 2.013763e-09
809 1.443164e-09
810 1.048545e-09
811 7.684607e-10
812 5.635184e-10
813 4.097066e-10
814 2.930457e-10
815 2.050788e-10
816 1.398166e-10
817 9.287983e-11
818 6.027254e-11
819 3.891043e-08
820 3.317949e-08
821 2.711139e-08
822 2.137400e-08
823 1.641902e-08
824 1.233341e-08
825 8.982277e-09
826 6.318976e-09
827 4.403615e-09
828 3.085514e-09
829 2.172798e-09
830 1.554054e-09
831 1.127444e-09
832 8.257340e-10
833 6.056434e-10
834 4.408407e-10
835 3.158670e-10
836 2.216257e-10
837 1.514705e-10
838 1.008562e-10
839 6.557475e-11
840 3.379526e-08
841 2.860481e-08
842 2.324857e-08
843 1.825856e-08
844 1.397860e-08
845 1.045237e-08
846 7.587143e-09
847 5.341598e-09
848 3.729346e-09
849 2.619397e-09
850 1.850960e-09
851 1.328142e-09
852 9.653803e-10
853 7.071817e-10
854 5.179190e-10
855 3.759071e-10
856 2.683863e-10
857 1.874342e-10
858 1.275878e-10
859 8.462327e-11
860 5.487670e-11
861 3.708741e-08
862 3.166496e-08
863 2.593007e-08
864 2.048738e-08
865 1.575263e-08
866 1.183616e-08
867 8.643273e-09
868 6.109741e-09
869 4.258092e-09
870 2.984924e-09
871 2.100466e-09
872 1.500194e-09
873 1.085806e-09
874 7.934656e-10
875 5.807718e-10
876 4.221770e-10
877 3.023417e-10
878 2.121032e-10
879 1.451407e-10
880 9.682994e-11
881 6.311591e-11
882 3.998979e-08
883 3.435931e-08
884 2.830292e-08
885 2.246281e-08
886 1.732857e-08
887 1.306508e-08
888 9.582992e-09
889 6.793605e-09
890 4.730668e-09
891 3.310348e-09
892 2.323521e-09
893 1.653715e-09
894 1.193319e-09
895 8.701592e-10
896 6.366581e-10
897 4.631633e-10
898 3.324256e-10
899 2.339799e-10
900 1.607550e-10
901 1.076673e-10
902 7.044753e-11
903 4.273395e-08
904 3.692174e-08
905 3.055390e-08
906 2.433547e-08
907 1.882565e-08
908 1.423466e-08
909 1.047483e-08
910 7.445072e-09
911 5.179776e-09
912 3.620516e-09
913 2.535493e-09
914 1.799541e-09
915 1.295336e-09
916 9.430995e-10
917 6.896214e-10
918 5.021598e-10
919 3.610425e-10
920 2.547674e-10
921 1.755409e-10
922 1.179483e-10
923 7.741579e-11
924 4.595377e-08
925 3.991681e-08
926 3.318924e-08
927 2.652852e-08
928 2.057329e-08
929 1.559758e-08
930 1.151691e-08
931 8.203919e-09
932 5.704273e-09
933 3.982066e-09
934 2.782689e-09
935 1.969986e-09
936 1.414488e-09
937 1.028091e-09
938 7.515304e-10
939 5.475859e-10
940 3.943584e-10
941 2.790580e-10
942 1.928329e-10
943 1.299673e-10
944 8.554383e-11
945 4.126841e-08
946 3.562112e-08
947 2.947142e-08
948 2.348108e-08
949 1.816516e-08
950 1.372715e-08
951 1.010115e-08
952 7.190202e-09
953 5.009218e-09
954 3.500265e-09
955 2.453604e-09
956 1.741341e-09
957 1.252706e-09
958 9.115111e-10
959 6.658709e-10
960 4.843808e-10
961 3.479781e-10
962 2.453647e-10
963 1.690118e-10
964 1.135645e-10
965 7.455226e-11
966 4.504324e-08
967 3.921552e-08
968 3.271819e-08
969 2.623913e-08
970 2.039527e-08
971 1.547837e-08
972 1.145435e-08
973 8.198433e-09
974 5.716387e-09
975 3.984095e-09
976 2.785968e-09
977 1.967413e-09
978 1.408938e-09
979 1.021306e-09
980 7.447906e-10
981 5.417761e-10
982 3.900055e-10
983 2.759737e-10
984 1.910295e-10
985 1.290235e-10
986 8.515369e-11
987 4.864725e-08
988 4.265665e-08
989 3.581411e-08
990 2.888052e-08
991 2.253757e-08
992 1.716471e-08
993 1.275444e-08
994 9.170383e-09
995 6.398169e-09
996 4.451186e-09
997 3.106573e-09
998 2.185301e-09
999 1.559231e-09
1000 1.126936e-09
1001 8.205400e-10
1002 5.969150e-10
1003 4.303520e-10
1004 3.053327e-10
1005 2.121013e-10
1006 1.438459e-10
1007 9.533758e-11
1008 5.286461e-08
1009 4.666658e-08
1010 3.943701e-08
1011 3.196038e-08
1012 2.503738e-08
1013 1.912973e-08
1014 1.427282e-08
1015 1.030377e-08
1016 7.194884e-09
1017 4.996503e-09
1018 3.481133e-09
1019 2.439952e-09
1020 1.735079e-09
1021 1.250391e-09
1022 9.090344e-10
1023 6.612398e-10
1024 4.774192e-10
1025 3.397156e-10
1026 2.367290e-10
1027 1.611811e-10
1028 1.072320e-10
1029 4.980118e-08
1030 4.382896e-08
1031 3.695059e-08
1032 2.991157e-08
1033 2.341470e-08
1034 1.786803e-08
1035 1.331072e-08
1036 9.605285e-09
1037 6.720821e-09
1038 4.668823e-09
1039 3.257606e-09
1040 2.285594e-09
1041 1.626679e-09
1042 1.172525e-09
1043 8.519727e-10
1044 6.190791e-10
1045 4.463894e-10
1046 3.169917e-10
1047 2.206171e-10
1048 1.499784e-10
1049 9.968270e-11
1050 5.444428e-08
1051 4.835715e-08
1052 4.113378e-08
1053 3.356222e-08
1054 2.642802e-08
1055 2.026129e-08
1056 1.517032e-08
1057 1.101918e-08
1058 7.738098e-09
1059 5.364471e-09
1060 3.735724e-09
1061 2.608332e-09
1062 1.846963e-09
1063 1.324910e-09
1064 9.594291e-10
1065 6.962897e-10
1066 5.023420e-10
1067 3.577226e-10
1068 2.499640e-10
1069 1.708376e-10
1070 1.141509e-10
1071 5.989890e-08
1072 5.366738e-08
1073 4.604132e-08
1074 3.784491e-08
1075 2.997094e-08
1076 2.307656e-08
1077 1.736189e-08
1078 1.268557e-08
1079 8.939303e-09
1080 6.187230e-09
1081 4.300186e-09
1082 2.989851e-09
1083 2.107330e-09
1084 1.504664e-09
1085 1.086065e-09
1086 7.871737e-10
1087 5.683296e-10
1088 4.057712e-10
1089 2.845648e-10
1090 1.953490e-10
1091 1.311972e-10
1092 6.036279e-08
1093 5.422687e-08
1094 4.667422e-08
1095 3.850280e-08
1096 3.058656e-08
1097 2.360066e-08
1098 1.778315e-08
1099 1.302852e-08
1100 9.218406e-09
1101 6.384822e-09
1102 4.433058e-09
1103 3.080519e-09
1104 2.165948e-09
1105 1.542400e-09
1106 1.110463e-09
1107 8.032544e-10
1108 5.792353e-10
1109 4.133918e-10
1110 2.901515e-10
1111 1.994962e-10
1112 1.342310e-10
1113 6.746852e-08
1114 6.129977e-08
1115 5.337998e-08
1116 4.451660e-08
1117 3.567875e-08
1118 2.770942e-08
1119 2.100593e-08
1120 1.551013e-08
1121 1.105731e-08
1122 7.663585e-09
1123 5.303923e-09
1124 3.672319e-09
1125 2.563863e-09
1126 1.812779e-09
1127 1.297498e-09
1128 9.350747e-10
1129 6.736468e-10
1130 4.815386e-10
1131 3.391678e-10
1132 2.344362e-10
1133 1.588040e-10
1134 7.718102e-08
1135 7.121380e-08
1136 6.304729e-08
1137 5.345386e-08
1138 4.347315e-08
1139 3.413792e-08
1140 2.610334e-08
1141 1.947418e-08
1142 1.406847e-08
1143 9.819564e-09
1144 6.766666e-09
1145 4.671115e-09
1146 3.228388e-09
1147 2.258670e-09
1148 1.599290e-09
1149 1.142739e-09
1150 8.193009e-10
1151 5.849774e-10
1152 4.131694e-10
1153 2.871887e-10
1154 1.960800e-10
