0 2.438902e-09
1 1.806662e-09
2 1.309545e-09
3 9.361120e-10
4 6.694145e-10
5 4.831054e-10
6 3.527675e-10
7 2.607418e-10
8 1.941791e-10
9 1.446037e-10
10 1.067478e-10
11 7.746514e-11
12 5.489958e-11
13 3.780383e-11
14 2.520736e-11
15 1.625012e-11
16 1.013354e-11
17 6.135883e-12
18 3.627230e-12
19 2.105295e-12
20 1.203899e-12
21 4.094163e-09
22 3.084923e-09
23 2.269940e-09
24 1.632607e-09
25 1.161100e-09
26 8.294122e-10
27 5.982074e-10
28 4.370262e-10
29 3.232512e-10
30 2.406735e-10
31 1.789559e-10
32 1.316742e-10
33 9.510493e-11
34 6.699242e-11
35 4.579771e-11
36 3.028436e-11
37 1.933905e-11
38 1.195133e-11
39 7.179182e-12
40 4.219375e-12
41 2.436606e-12
42 4.711431e-09
43 3.568988e-09
44 2.639827e-09
45 1.906596e-09
46 1.356606e-09
47 9.663951e-10
48 6.947205e-10
49 5.054872e-10
50 3.725961e-10
51 2.770104e-10
52 2.060905e-10
53 1.520846e-10
54 1.103544e-10
55 7.821020e-11
56 5.385992e-11
57 3.589130e-11
58 2.310357e-11
59 1.438016e-11
60 8.691987e-12
61 5.131678e-12
62 2.974232e-12
63 5.054337e-09
64 3.838010e-09
65 2.846103e-09
66 2.059579e-09
67 1.465793e-09
68 1.043039e-09
69 7.486552e-10
70 5.436987e-10
71 4.001873e-10
72 2.972742e-10
73 2.212002e-10
74 1.634320e-10
75 1.188536e-10
76 8.447747e-11
77 5.836446e-11
78 3.902935e-11
79 2.521199e-11
80 1.574187e-11
81 9.538334e-12
82 5.644926e-12
83 3.276484e-12
84 5.285193e-09
85 4.018995e-09
86 2.984473e-09
87 2.162052e-09
88 1.539292e-09
89 1.094533e-09
90 7.849196e-10
91 5.694008e-10
92 4.187575e-10
93 3.109018e-10
94 2.313885e-10
95 1.710540e-10
96 1.245507e-10
97 8.866955e-11
98 6.137888e-11
99 4.113102e-11
100 2.662310e-11
101 1.665630e-11
102 1.010878e-11
103 5.989012e-12
104 3.479928e-12
105 5.458020e-09
106 4.154705e-09
107 3.088291e-09
108 2.239169e-09
109 1.594212e-09
110 1.133229e-09
111 8.120908e-10
112 5.887064e-10
113 4.326353e-10
114 3.211101e-10
115 2.389881e-10
116 1.767639e-10
117 1.288236e-10
118 9.182858e-11
119 6.363893e-11
120 4.271065e-11
121 2.768699e-11
122 1.734473e-11
123 1.053751e-11
124 6.248558e-12
125 3.632742e-12
126 5.598001e-09
127 4.264250e-09
128 3.172255e-09
129 2.301315e-09
130 1.638836e-09
131 1.164401e-09
132 8.341873e-10
133 6.043190e-10
134 4.439263e-10
135 3.294217e-10
136 2.451785e-10
137 1.814404e-10
138 1.323219e-10
139 9.438815e-11
140 6.548057e-11
141 4.399179e-11
142 2.854917e-11
143 1.790041e-11
144 1.088362e-11
145 6.457868e-12
146 3.756398e-12
147 5.721718e-09
148 4.361136e-09
149 3.246638e-09
150 2.356559e-09
151 1.678190e-09
152 1.192074e-09
153 8.534348e-10
154 6.180516e-10
155 4.538094e-10
156 3.366736e-10
157 2.506139e-10
158 1.854898e-10
159 1.353586e-10
160 9.662076e-11
161 6.709398e-11
162 4.511716e-11
163 2.930766e-11
164 1.838827e-11
165 1.118736e-11
166 6.640660e-12
167 3.864857e-12
168 5.838324e-09
169 4.452598e-09
170 3.316809e-09
171 2.408568e-09
172 1.714981e-09
173 1.218022e-09
174 8.718410e-10
175 6.310563e-10
176 4.631627e-10
177 3.435705e-10
178 2.557614e-10
179 1.893732e-10
180 1.382218e-10
181 9.874386e-11
182 6.861796e-11
183 4.617970e-11
184 3.001880e-11
185 1.884584e-11
186 1.147396e-11
187 6.814343e-12
188 3.966878e-12
189 5.971540e-09
190 4.557225e-09
191 3.397357e-09
192 2.468477e-09
193 1.757990e-09
194 1.248073e-09
195 8.930028e-10
196 6.459569e-10
197 4.739155e-10
198 3.515013e-10
199 2.616577e-10
200 1.938265e-10
201 1.415433e-10
202 1.012067e-10
203 7.038068e-11
204 4.740793e-11
205 3.084789e-11
206 1.938664e-11
207 1.180814e-11
208 7.017010e-12
209 4.086037e-12
210 8.341582e-09
211 6.438222e-09
212 4.856236e-09
213 3.569055e-09
214 2.552750e-09
215 1.804248e-09
216 1.282704e-09
217 9.198020e-10
218 6.691611e-10
219 4.935984e-10
220 3.670268e-10
221 2.729037e-10
222 2.009841e-10
223 1.454257e-10
224 1.026186e-10
225 7.024800e-11
226 4.645417e-11
227 2.963600e-11
228 1.828294e-11
229 1.096700e-11
230 6.436178e-12
231 1.053324e-08
232 8.208881e-09
233 6.247414e-09
234 4.641793e-09
235 3.350647e-09
236 2.369144e-09
237 1.676178e-09
238 1.194954e-09
239 8.621348e-10
240 6.316191e-10
241 4.678111e-10
242 3.478343e-10
243 2.572158e-10
244 1.875303e-10
245 1.337598e-10
246 9.273953e-11
247 6.219829e-11
248 4.024441e-11
249 2.514292e-11
250 1.524208e-11
251 9.020046e-12
252 1.183146e-08
253 9.266254e-09
254 7.082865e-09
255 5.286393e-09
256 3.833626e-09
257 2.714796e-09
258 1.916943e-09
259 1.363282e-09
260 9.799837e-10
261 7.151894e-10
262 5.286157e-10
263 3.928984e-10
264 2.909179e-10
265 2.127566e-10
266 1.524544e-10
267 1.062998e-10
268 7.174466e-11
269 4.671784e-11
270 2.936316e-11
271 1.789114e-11
272 1.063246e-11
273 1.271159e-08
274 9.984548e-09
275 7.649862e-09
276 5.724854e-09
277 4.162483e-09
278 2.949921e-09
279 2.080944e-09
280 1.477773e-09
281 1.060120e-09
282 7.723181e-10
283 5.700508e-10
284 4.234422e-10
285 3.138215e-10
286 2.298980e-10
287 1.651464e-10
288 1.155042e-10
289 7.822416e-11
290 5.112669e-11
291 3.224151e-11
292 1.969916e-11
293 1.173342e-11
294 1.337305e-08
295 1.052276e-08
296 8.074946e-09
297 6.054199e-09
298 4.409185e-09
299 3.126257e-09
300 2.203557e-09
301 1.563692e-09
302 1.120163e-09
303 8.150114e-10
304 6.010221e-10
305 4.463842e-10
306 3.309895e-10
307 2.427486e-10
308 1.746512e-10
309 1.224074e-10
310 8.308686e-11
311 5.442775e-11
312 3.439452e-11
313 2.105071e-11
314 1.255740e-11
315 1.390814e-08
316 1.095949e-08
317 8.419680e-09
318 6.320076e-09
319 4.608868e-09
320 3.269560e-09
321 2.303386e-09
322 1.633250e-09
323 1.168883e-09
324 8.496895e-10
325 6.261620e-10
326 4.649939e-10
327 3.449157e-10
328 2.531457e-10
329 1.823448e-10
330 1.279951e-10
331 8.702459e-11
332 5.710953e-11
333 3.614285e-11
334 2.214932e-11
335 1.322944e-11
336 1.437441e-08
337 1.133916e-08
338 8.720073e-09
339 6.552219e-09
340 4.782407e-09
341 3.394377e-09
342 2.390610e-09
343 1.694285e-09
344 1.211416e-09
345 8.800464e-10
346 6.479954e-10
347 4.811685e-10
348 3.570393e-10
349 2.622316e-10
350 1.890568e-10
351 1.328713e-10
352 9.045521e-11
353 5.943509e-11
354 3.767836e-11
355 2.311415e-11
356 1.381409e-11
357 1.481799e-08
358 1.170066e-08
359 9.005676e-09
360 6.773439e-09
361 4.948243e-09
362 3.512095e-09
363 2.473123e-09
364 1.751922e-09
365 1.251709e-09
366 9.086775e-10
367 6.689041e-10
368 4.965942e-10
369 3.685791e-10
370 2.708750e-10
371 1.954495e-10
372 1.375091e-10
373 9.372105e-11
374 6.165176e-11
375 3.912007e-11
376 2.401976e-11
377 1.436499e-11
378 1.533292e-08
379 1.212103e-08
380 9.338314e-09
381 7.030126e-09
382 5.141080e-09
383 3.650423e-09
384 2.569181e-09
385 1.818930e-09
386 1.298999e-09
387 9.422246e-10
388 6.931721e-10
389 5.145359e-10
390 3.819851e-10
391 2.809236e-10
392 2.029060e-10
393 1.428995e-10
394 9.752609e-11
395 6.423519e-11
396 4.079714e-11
397 2.507459e-11
398 1.501265e-11
399 1.428201e-08
400 1.130967e-08
401 8.715724e-09
402 6.567769e-09
403 4.818411e-09
404 3.433372e-09
405 2.416393e-09
406 1.711687e-09
407 1.221364e-09
408 8.843824e-10
409 6.493145e-10
410 4.810315e-10
411 3.566051e-10
412 2.620118e-10
413 1.892509e-10
414 1.334186e-10
415 9.124426e-11
416 6.023937e-11
417 3.838517e-11
418 2.366182e-11
419 1.419943e-11
420 1.677954e-08
421 1.341243e-08
422 1.041118e-08
423 7.896604e-09
424 5.841305e-09
425 4.192015e-09
426 2.948769e-09
427 2.080986e-09
428 1.478108e-09
429 1.063531e-09
430 7.766250e-10
431 5.734631e-10
432 4.248836e-10
433 3.130712e-10
434 2.273652e-10
435 1.615013e-10
436 1.114581e-10
437 7.436012e-11
438 4.788669e-11
439 2.979866e-11
440 1.803075e-11
441 1.852040e-08
442 1.488881e-08
443 1.160504e-08
444 8.835166e-09
445 6.566453e-09
446 4.731223e-09
447 3.330323e-09
448 2.344750e-09
449 1.661970e-09
450 1.191395e-09
451 8.673153e-10
452 6.390511e-10
453 4.732636e-10
454 3.491152e-10
455 2.542653e-10
456 1.813153e-10
457 1.257601e-10
458 8.438610e-11
459 5.465492e-11
460 3.419648e-11
461 2.078858e-11
462 1.983205e-08
463 1.600227e-08
464 1.250485e-08
465 9.544329e-09
466 7.111751e-09
467 5.138133e-09
468 3.617923e-09
469 2.544502e-09
470 1.800729e-09
471 1.288028e-09
472 9.357633e-10
473 6.884845e-10
474 5.097903e-10
475 3.763509e-10
476 2.744920e-10
477 1.962522e-10
478 1.365505e-10
479 9.194139e-11
480 5.976744e-11
481 3.751840e-11
482 2.287565e-11
483 2.090051e-08
484 1.690486e-08
485 1.323718e-08
486 1.011918e-08
487 7.554941e-09
488 5.468144e-09
489 3.851606e-09
490 2.706741e-09
491 1.913486e-09
492 1.366413e-09
493 9.913039e-10
494 7.287362e-10
495 5.394180e-10
496 3.984198e-10
497 2.909313e-10
498 2.083942e-10
499 1.453117e-10
500 9.808577e-11
501 6.390633e-11
502 4.020969e-11
503 2.456882e-11
504 2.183015e-08
505 1.769294e-08
506 1.387664e-08
507 1.062147e-08
508 7.942538e-09
509 5.755545e-09
510 4.055314e-09
511 2.848137e-09
512 2.012005e-09
513 1.434820e-09
514 1.039771e-09
515 7.637636e-10
516 5.652238e-10
517 4.176115e-10
518 3.052924e-10
519 2.189712e-10
520 1.529571e-10
521 1.034385e-10
522 6.752703e-11
523 4.256685e-11
524 2.604423e-11
525 2.270810e-08
526 1.843723e-08
527 1.447860e-08
528 1.109535e-08
529 8.308159e-09
530 6.029124e-09
531 4.247562e-09
532 2.981819e-09
533 2.104964e-09
534 1.499574e-09
535 1.085597e-09
536 7.968723e-10
537 5.896165e-10
538 4.358124e-10
539 3.188545e-10
540 2.289847e-10
541 1.601844e-10
542 1.085088e-10
543 7.094831e-11
544 4.478968e-11
545 2.744558e-11
546 2.373762e-08
547 1.931015e-08
548 1.518613e-08
549 1.165032e-08
550 8.736316e-09
551 6.348086e-09
552 4.474080e-09
553 3.138523e-09
554 2.213810e-09
555 1.575536e-09
556 1.139370e-09
557 8.357261e-10
558 6.182412e-10
559 4.571448e-10
560 3.347527e-10
561 2.407026e-10
562 1.686398e-10
563 1.144527e-10
564 7.495927e-11
565 4.739947e-11
566 2.908019e-11
567 2.045443e-08
568 1.658598e-08
569 1.301126e-08
570 9.954309e-09
571 7.441315e-09
572 5.403903e-09
573 3.815427e-09
574 2.679434e-09
575 1.894802e-09
576 1.351093e-09
577 9.784353e-10
578 7.179728e-10
579 5.305546e-10
580 3.915441e-10
581 2.858861e-10
582 2.049162e-10
583 1.430867e-10
584 9.677176e-11
585 6.322243e-11
586 3.990262e-11
587 2.445062e-11
588 2.319001e-08
589 1.898021e-08
590 1.499310e-08
591 1.153521e-08
592 8.673638e-09
593 6.342964e-09
594 4.498819e-09
595 3.151840e-09
596 2.222936e-09
597 1.577491e-09
598 1.136486e-09
599 8.302025e-10
600 6.120342e-10
601 4.516706e-10
602 3.306639e-10
603 2.381126e-10
604 1.673255e-10
605 1.140675e-10
606 7.517372e-11
607 4.785610e-11
608 2.955795e-11
609 2.528104e-08
610 2.081986e-08
611 1.652636e-08
612 1.275522e-08
613 9.628609e-09
614 7.071797e-09
615 5.030353e-09
616 3.521359e-09
617 2.479084e-09
618 1.754362e-09
619 1.259606e-09
620 9.174376e-10
621 6.753135e-10
622 4.983199e-10
623 3.652914e-10
624 2.637587e-10
625 1.861113e-10
626 1.274859e-10
627 8.445103e-11
628 5.405019e-11
629 3.354917e-11
630 2.699014e-08
631 2.231623e-08
632 1.777438e-08
633 1.375302e-08
634 1.040597e-08
635 7.665667e-09
636 5.464361e-09
637 3.823400e-09
638 2.688147e-09
639 1.898722e-09
640 1.360109e-09
641 9.887351e-10
642 7.267341e-10
643 5.362656e-10
644 3.934531e-10
645 2.846678e-10
646 2.013984e-10
647 1.384029e-10
648 9.200437e-11
649 5.907597e-11
650 3.680349e-11
651 2.847765e-08
652 2.362388e-08
653 1.886124e-08
654 1.462267e-08
655 1.108411e-08
656 8.184228e-09
657 5.843569e-09
658 4.086778e-09
659 2.870859e-09
660 2.024840e-09
661 1.447936e-09
662 1.050880e-09
663 7.718018e-10
664 5.693622e-10
665 4.180778e-10
666 3.029098e-10
667 2.147676e-10
668 1.479418e-10
669 9.861840e-11
670 6.351512e-11
671 3.964772e-11
672 2.988069e-08
673 2.485931e-08
674 1.988977e-08
675 1.544482e-08
676 1.172643e-08
677 8.675518e-09
678 6.201411e-09
679 4.336001e-09
680 3.042980e-09
681 2.143874e-09
682 1.530702e-09
683 1.109740e-09
684 8.143315e-10
685 6.007096e-10
686 4.413828e-10
687 3.201935e-10
688 2.273754e-10
689 1.569586e-10
690 1.048522e-10
691 6.766696e-11
692 4.233038e-11
693 3.153383e-08
694 2.630813e-08
695 2.109350e-08
696 1.640636e-08
697 1.247649e-08
698 9.248403e-09
699 6.621369e-09
700 4.627271e-09
701 3.245222e-09
702 2.283419e-09
703 1.627813e-09
704 1.178355e-09
705 8.641522e-10
706 6.373613e-10
707 4.686516e-10
708 3.403663e-10
709 2.421426e-10
710 1.675118e-10
711 1.121400e-10
712 7.254621e-11
713 4.547597e-11
714 2.691608e-08
715 2.231330e-08
716 1.781626e-08
717 1.380838e-08
718 1.045711e-08
719 7.719428e-09
720 5.521217e-09
721 3.865829e-09
722 2.716092e-09
723 1.917554e-09
724 1.371315e-09
725 9.949800e-10
726 7.302002e-10
727 5.381057e-10
728 3.946584e-10
729 2.856368e-10
730 2.022673e-10
731 1.392373e-10
732 9.279125e-11
733 5.976261e-11
734 3.733504e-11
735 2.989327e-08
736 2.500134e-08
737 2.010994e-08
738 1.567155e-08
739 1.192481e-08
740 8.853751e-09
741 6.370666e-09
742 4.466402e-09
743 3.128928e-09
744 2.203550e-09
745 1.567541e-09
746 1.132087e-09
747 8.280098e-10
748 6.092819e-10
749 4.471586e-10
750 3.244798e-10
751 2.308709e-10
752 1.599035e-10
753 1.073011e-10
754 6.965598e-11
755 4.383694e-11
756 3.234098e-08
757 2.722392e-08
758 2.200837e-08
759 1.721596e-08
760 1.314254e-08
761 9.796843e-09
762 7.078412e-09
763 4.968505e-09
764 3.474009e-09
765 2.442499e-09
766 1.731599e-09
767 1.246578e-09
768 9.093104e-10
769 6.683631e-10
770 4.907662e-10
771 3.567057e-10
772 2.545642e-10
773 1.770287e-10
774 1.193510e-10
775 7.785101e-11
776 4.925682e-11
777 3.447952e-08
778 2.915824e-08
779 2.366790e-08
780 1.856995e-08
781 1.420814e-08
782 1.062094e-08
783 7.697554e-09
784 5.407084e-09
785 3.776590e-09
786 2.651400e-09
787 1.875180e-09
788 1.346848e-09
789 9.805678e-10
790 7.200006e-10
791 5.287139e-10
792 3.848653e-10
793 2.753071e-10
794 1.920068e-10
795 1.299228e-10
796 8.507491e-11
797 5.400650e-11
798 3.650409e-08
799 3.099910e-08
800 2.524426e-08
801 1.985172e-08
802 1.522070e-08
803 1.140604e-08
804 8.285389e-09
805 5.825109e-09
806 4.063201e-09
807 2.850258e-09
808 2.011632e-09
809 1.441858e-09
810 1.048257e-09
811 7.691161e-10
812 5.648235e-10
813 4.116931e-10
814 2.949736e-10
815 2.062291e-10
816 1.399330e-10
817 9.189673e-11
818 5.850701e-11
819 3.887935e-08
820 3.314998e-08
821 2.708492e-08
822 2.135137e-08
823 1.640041e-08
824 1.231869e-08
825 8.971244e-09
826 6.311130e-09
827 4.398003e-09
828 3.081820e-09
829 2.170388e-09
830 1.552725e-09
831 1.127132e-09
832 8.263393e-10
833 6.070802e-10
834 4.428156e-10
835 3.179233e-10
836 2.228119e-10
837 1.516297e-10
838 9.986044e-11
839 6.376476e-11
840 3.376756e-08
841 2.857880e-08
842 2.322537e-08
843 1.823884e-08
844 1.396252e-08
845 1.043979e-08
846 7.577463e-09
847 5.334951e-09
848 3.724738e-09
849 2.616310e-09
850 1.849003e-09
851 1.327007e-09
852 9.651879e-10
853 7.079458e-10
854 5.193808e-10
855 3.777818e-10
856 2.701820e-10
857 1.884825e-10
858 1.276020e-10
859 8.365403e-11
860 5.318243e-11
861 3.705777e-08
862 3.163686e-08
863 2.590470e-08
864 2.046397e-08
865 1.573478e-08
866 1.182216e-08
867 8.632761e-09
868 6.102158e-09
869 4.252847e-09
870 2.980973e-09
871 2.098187e-09
872 1.499073e-09
873 1.085490e-09
874 7.940653e-10
875 5.822261e-10
876 4.240408e-10
877 3.041963e-10
878 2.132309e-10
879 1.452210e-10
880 9.583120e-11
881 6.138068e-11
882 3.995836e-08
883 3.432929e-08
884 2.827564e-08
885 2.243929e-08
886 1.730913e-08
887 1.304962e-08
888 9.571258e-09
889 6.785183e-09
890 4.724962e-09
891 3.306372e-09
892 2.320771e-09
893 1.652257e-09
894 1.192825e-09
895 8.705902e-10
896 6.378369e-10
897 4.650232e-10
898 3.343825e-10
899 2.351781e-10
900 1.608867e-10
901 1.067058e-10
902 6.866068e-11
903 4.270093e-08
904 3.688996e-08
905 3.052482e-08
906 2.431025e-08
907 1.880692e-08
908 1.421807e-08
909 1.046217e-08
910 7.435860e-09
911 5.173266e-09
912 3.615736e-09
913 2.532645e-09
914 1.797859e-09
915 1.294732e-09
916 9.434514e-10
917 6.907390e-10
918 5.039570e-10
919 3.630173e-10
920 2.560195e-10
921 1.757338e-10
922 1.169964e-10
923 7.558578e-11
924 4.591886e-08
925 3.988290e-08
926 3.315812e-08
927 2.650143e-08
928 2.055068e-08
929 1.557943e-08
930 1.150304e-08
931 8.193774e-09
932 5.697223e-09
933 3.977219e-09
934 2.779364e-09
935 1.968044e-09
936 1.413624e-09
937 1.028357e-09
938 7.526651e-10
939 5.494328e-10
940 3.964579e-10
941 2.803557e-10
942 1.930979e-10
943 1.290079e-10
944 8.366661e-11
945 4.123639e-08
946 3.559033e-08
947 2.944331e-08
948 2.345668e-08
949 1.814497e-08
950 1.371115e-08
951 1.008900e-08
952 7.181288e-09
953 5.003046e-09
954 3.496005e-09
955 2.450840e-09
956 1.739870e-09
957 1.252193e-09
958 9.119115e-10
959 6.672200e-10
960 4.862203e-10
961 3.498902e-10
962 2.465781e-10
963 1.691627e-10
964 1.125716e-10
965 7.276846e-11
966 4.500917e-08
967 3.918234e-08
968 3.268758e-08
969 2.621234e-08
970 2.037292e-08
971 1.546045e-08
972 1.144054e-08
973 8.188323e-09
974 5.709339e-09
975 3.979087e-09
976 2.782746e-09
977 1.965474e-09
978 1.408105e-09
979 1.021500e-09
980 7.458046e-10
981 5.436341e-10
982 3.919687e-10
983 2.772596e-10
984 1.912055e-10
985 1.280589e-10
986 8.330863e-11
987 4.861116e-08
988 4.262127e-08
989 3.578117e-08
990 2.884997e-08
991 2.251316e-08
992 1.714511e-08
993 1.273928e-08
994 9.159168e-09
995 6.390178e-09
996 4.445560e-09
997 3.102706e-09
998 2.183092e-09
999 1.558216e-09
1000 1.127027e-09
1001 8.214470e-10
1002 5.987098e-10
1003 4.323438e-10
1004 3.067085e-10
1005 2.123412e-10
1006 1.429071e-10
1007 9.343878e-11
1008 5.282621e-08
1009 4.662854e-08
1010 3.940136e-08
1011 3.192864e-08
1012 2.501062e-08
1013 1.910799e-08
1014 1.425594e-08
1015 1.029129e-08
1016 7.186034e-09
1017 4.990369e-09
1018 3.476825e-09
1019 2.437337e-09
1020 1.733772e-09
1021 1.250295e-09
1022 9.098929e-10
1023 6.629981e-10
1024 4.794682e-10
1025 3.410508e-10
1026 2.370430e-10
1027 1.602161e-10
1028 1.052828e-10
1029 4.976464e-08
1030 4.379289e-08
1031 3.691685e-08
1032 2.988165e-08
1033 2.338947e-08
1034 1.784767e-08
1035 1.329498e-08
1036 9.593642e-09
1037 6.712844e-09
1038 4.663143e-09
1039 3.253843e-09
1040 2.283212e-09
1041 1.625509e-09
1042 1.172480e-09
1043 8.528186e-10
1044 6.208707e-10
1045 4.482919e-10
1046 3.183219e-10
1047 2.208244e-10
1048 1.490137e-10
1049 9.776873e-11
1050 5.441021e-08
1051 4.831835e-08
1052 4.109706e-08
1053 3.352937e-08
1054 2.640011e-08
1055 2.023858e-08
1056 1.515254e-08
1057 1.100586e-08
1058 7.728579e-09
1059 5.357859e-09
1060 3.731238e-09
1061 2.605595e-09
1062 1.845509e-09
1063 1.324616e-09
1064 9.601094e-10
1065 6.978492e-10
1066 5.043529e-10
1067 3.591301e-10
1068 2.502361e-10
1069 1.698643e-10
1070 1.121905e-10
1071 5.985719e-08
1072 5.362528e-08
1073 4.600102e-08
1074 3.780848e-08
1075 2.993971e-08
1076 2.305091e-08
1077 1.734171e-08
1078 1.267030e-08
1079 8.928381e-09
1080 6.179612e-09
1081 4.294896e-09
1082 2.986575e-09
1083 2.105410e-09
1084 1.504141e-09
1085 1.086717e-09
1086 7.887630e-10
1087 5.703175e-10
1088 4.070950e-10
1089 2.848564e-10
1090 1.943586e-10
1091 1.291626e-10
1092 6.032106e-08
1093 5.418468e-08
1094 4.663370e-08
1095 3.846583e-08
1096 3.055493e-08
1097 2.357466e-08
1098 1.776259e-08
1099 1.301294e-08
1100 9.207135e-09
1101 6.376955e-09
1102 4.427761e-09
1103 3.077127e-09
1104 2.164017e-09
1105 1.541755e-09
1106 1.110895e-09
1107 8.046683e-10
1108 5.812044e-10
1109 4.147801e-10
1110 2.903918e-10
1111 1.984712e-10
1112 1.321589e-10
1113 6.742362e-08
1114 6.125350e-08
1115 5.333487e-08
1116 4.447508e-08
1117 3.564259e-08
1118 2.767950e-08
1119 2.098194e-08
1120 1.549172e-08
1121 1.104392e-08
1122 7.654164e-09
1123 5.297297e-09
1124 3.668062e-09
1125 2.561266e-09
1126 1.811763e-09
1127 1.297820e-09
1128 9.364243e-10
1129 6.754942e-10
1130 4.828127e-10
1131 3.394023e-10
1132 2.333636e-10
1133 1.566046e-10
1134 7.713209e-08
1135 7.116240e-08
1136 6.299614e-08
1137 5.340579e-08
1138 4.343365e-08
1139 3.410187e-08
1140 2.607421e-08
1141 1.945148e-08
1142 1.405164e-08
1143 9.807572e-09
1144 6.758206e-09
1145 4.665487e-09
1146 3.224853e-09
1147 2.256968e-09
1148 1.599081e-09
1149 1.143947e-09
1150 8.209622e-10
1151 5.862232e-10
1152 4.133253e-10
1153 2.860013e-10
1154 1.936816e-10
