0 2.441276e-09
1 1.808032e-09
2 1.310026e-09
3 9.358242e-10
4 6.684859e-10
5 4.816454e-10
6 3.508393e-10
7 2.584182e-10
8 1.915188e-10
9 1.416640e-10
10 1.036536e-10
11 7.435950e-11
12 5.193472e-11
13 3.514083e-11
14 2.297724e-11
15 1.452211e-11
16 8.897152e-12
17 5.313691e-12
18 3.113175e-12
19 1.805563e-12
20 1.048234e-12
21 4.098394e-09
22 3.088050e-09
23 2.271387e-09
24 1.632879e-09
25 1.160397e-09
26 8.278640e-10
27 5.960528e-10
28 4.343108e-10
29 3.200323e-10
30 2.370331e-10
31 1.749708e-10
32 1.275289e-10
33 9.097704e-11
34 6.310123e-11
35 4.235481e-11
36 2.745413e-11
37 1.720357e-11
38 1.045448e-11
39 6.195525e-12
40 3.608899e-12
41 2.089511e-12
42 4.716339e-09
43 3.572292e-09
44 2.641660e-09
45 1.907122e-09
46 1.356042e-09
47 9.649304e-10
48 6.925071e-10
49 5.026704e-10
50 3.692391e-10
51 2.731806e-10
52 2.018849e-10
53 1.476505e-10
54 1.058941e-10
55 7.394549e-11
56 5.002358e-11
57 3.269364e-11
58 2.064663e-11
59 1.263074e-11
60 7.521692e-12
61 4.393743e-12
62 2.545677e-12
63 5.059614e-09
64 3.841611e-09
65 2.848150e-09
66 2.060234e-09
67 1.465275e-09
68 1.041579e-09
69 7.464484e-10
70 5.408201e-10
71 3.967367e-10
72 2.933128e-10
73 2.168532e-10
74 1.588205e-10
75 1.141835e-10
76 7.998515e-11
77 5.430117e-11
78 3.561964e-11
79 2.257166e-11
80 1.385069e-11
81 8.266169e-12
82 4.835676e-12
83 2.802581e-12
84 5.290724e-09
85 4.022795e-09
86 2.986823e-09
87 2.162809e-09
88 1.538827e-09
89 1.093100e-09
90 7.826858e-10
91 5.664662e-10
92 4.152536e-10
93 3.068854e-10
94 2.269429e-10
95 1.663381e-10
96 1.197591e-10
97 8.404090e-11
98 5.717236e-11
99 3.758401e-11
100 2.386654e-11
101 1.467044e-11
102 8.767189e-12
103 5.132778e-12
104 2.975480e-12
105 5.463737e-09
106 4.158655e-09
107 3.090594e-09
108 2.239860e-09
109 1.593807e-09
110 1.131814e-09
111 8.098681e-10
112 5.857746e-10
113 4.290950e-10
114 3.170229e-10
115 2.345050e-10
116 1.719816e-10
117 1.239487e-10
118 8.709972e-11
119 5.933423e-11
120 3.906446e-11
121 2.484072e-11
122 1.528610e-11
123 9.142579e-12
124 5.355426e-12
125 3.105212e-12
126 5.603877e-09
127 4.268323e-09
128 3.174556e-09
129 2.302165e-09
130 1.638394e-09
131 1.162987e-09
132 8.319244e-10
133 6.013306e-10
134 4.403756e-10
135 3.252869e-10
136 2.405912e-10
137 1.765476e-10
138 1.273392e-10
139 8.957065e-11
140 6.107702e-11
141 4.025859e-11
142 2.562794e-11
143 1.578487e-11
144 9.447968e-12
145 5.536514e-12
146 3.210495e-12
147 5.727722e-09
148 4.365310e-09
149 3.249098e-09
150 2.357420e-09
151 1.677792e-09
152 1.190568e-09
153 8.511679e-10
154 6.150780e-10
155 4.501523e-10
156 3.325116e-10
157 2.459910e-10
158 1.805777e-10
159 1.303147e-10
160 9.172837e-11
161 6.261333e-11
162 4.130989e-11
163 2.631453e-11
164 1.622080e-11
165 9.713214e-12
166 5.694248e-12
167 3.302186e-12
168 5.844454e-09
169 4.456870e-09
170 3.319342e-09
171 2.409549e-09
172 1.714642e-09
173 1.216607e-09
174 8.695621e-10
175 6.280364e-10
176 4.594583e-10
177 3.393849e-10
178 2.511174e-10
179 1.843541e-10
180 1.331197e-10
181 9.376209e-11
182 6.405782e-11
183 4.229249e-11
184 2.696691e-11
185 1.663188e-11
186 9.965119e-12
187 5.843687e-12
188 3.389129e-12
189 5.977766e-09
190 4.561614e-09
191 3.399976e-09
192 2.469509e-09
193 1.757654e-09
194 1.246655e-09
195 8.907135e-10
196 6.429246e-10
197 4.702144e-10
198 3.472700e-10
199 2.569289e-10
200 1.887574e-10
201 1.363902e-10
202 9.613774e-11
203 6.574355e-11
204 4.344845e-11
205 2.772656e-11
206 1.711404e-11
207 1.025920e-11
208 6.017479e-12
209 3.490279e-12
210 8.350371e-09
211 6.444644e-09
212 4.860313e-09
213 3.571158e-09
214 2.553048e-09
215 1.803090e-09
216 1.280382e-09
217 9.165641e-10
218 6.652272e-10
219 4.886448e-10
220 3.615339e-10
221 2.669117e-10
222 1.947352e-10
223 1.391450e-10
224 9.665935e-11
225 6.497749e-11
226 4.213375e-11
227 2.638163e-11
228 1.598903e-11
229 9.446440e-12
230 5.493918e-12
231 1.054419e-08
232 8.217157e-09
233 6.253069e-09
234 4.644961e-09
235 3.351640e-09
236 2.368382e-09
237 1.673877e-09
238 1.191620e-09
239 8.580668e-10
240 6.264328e-10
241 4.618146e-10
242 3.412129e-10
243 2.501941e-10
244 1.803542e-10
245 1.267738e-10
246 8.638168e-11
247 5.685185e-11
248 3.608956e-11
249 2.214289e-11
250 1.320311e-11
251 7.721395e-12
252 1.184369e-08
253 9.275643e-09
254 7.089390e-09
255 5.290220e-09
256 3.835072e-09
257 2.714456e-09
258 1.914770e-09
259 1.359825e-09
260 9.754781e-10
261 7.098460e-10
262 5.223374e-10
263 3.858534e-10
264 2.834832e-10
265 2.050587e-10
266 1.448759e-10
267 9.932985e-11
268 6.581113e-11
269 4.204747e-11
270 2.594162e-11
271 1.553997e-11
272 9.116050e-12
273 1.272470e-08
274 9.994679e-09
275 7.656975e-09
276 5.729191e-09
277 4.164359e-09
278 2.949531e-09
279 2.079277e-09
280 1.474318e-09
281 1.055574e-09
282 7.669294e-10
283 5.635114e-10
284 4.162336e-10
285 3.060752e-10
286 2.218411e-10
287 1.571546e-10
288 1.081154e-10
289 7.188678e-11
290 4.609108e-11
291 2.853257e-11
292 1.713396e-11
293 1.006790e-11
294 1.338679e-08
295 1.053343e-08
296 8.082498e-09
297 6.058799e-09
298 4.410896e-09
299 3.126085e-09
300 2.201751e-09
301 1.560037e-09
302 1.115480e-09
303 8.093643e-10
304 5.943891e-10
305 4.389964e-10
306 3.229812e-10
307 2.344598e-10
308 1.663917e-10
309 1.147062e-10
310 7.644109e-11
311 4.912833e-11
312 3.047130e-11
313 1.833033e-11
314 1.078122e-11
315 1.392241e-08
316 1.097059e-08
317 8.427587e-09
318 6.324960e-09
319 4.610717e-09
320 3.269017e-09
321 2.301400e-09
322 1.629795e-09
323 1.164331e-09
324 8.440399e-10
325 6.194713e-10
326 4.574529e-10
327 3.367375e-10
328 2.446285e-10
329 1.738788e-10
330 1.200674e-10
331 8.014889e-11
332 5.159314e-11
333 3.204460e-11
334 1.930071e-11
335 1.136094e-11
336 1.438913e-08
337 1.135067e-08
338 8.728301e-09
339 6.557311e-09
340 4.784674e-09
341 3.394200e-09
342 2.388625e-09
343 1.690866e-09
344 1.206665e-09
345 8.742146e-10
346 6.411870e-10
347 4.736006e-10
348 3.487528e-10
349 2.535490e-10
350 1.803705e-10
351 1.247295e-10
352 8.337540e-11
353 5.373517e-11
354 3.342115e-11
355 2.014121e-11
356 1.186609e-11
357 1.483314e-08
358 1.171255e-08
359 9.014226e-09
360 6.778771e-09
361 4.950680e-09
362 3.512423e-09
363 2.471135e-09
364 1.748255e-09
365 1.246915e-09
366 9.027792e-10
367 6.621001e-10
368 4.888331e-10
369 3.600820e-10
370 2.619997e-10
371 1.865877e-10
372 1.291495e-10
373 8.643276e-11
374 5.578923e-11
375 3.471914e-11
376 2.094768e-11
377 1.234367e-11
378 1.534859e-08
379 1.213335e-08
380 9.347164e-09
381 7.035685e-09
382 5.143665e-09
383 3.650459e-09
384 2.567200e-09
385 1.815759e-09
386 1.294087e-09
387 9.361489e-10
388 6.861783e-10
389 5.066126e-10
390 3.733551e-10
391 2.718597e-10
392 1.937668e-10
393 1.342802e-10
394 9.000949e-11
395 5.815360e-11
396 3.622925e-11
397 2.188050e-11
398 1.290304e-11
399 1.429649e-08
400 1.132105e-08
401 8.723935e-09
402 6.572902e-09
403 4.820791e-09
404 3.433504e-09
405 2.414418e-09
406 1.708298e-09
407 1.216692e-09
408 8.788226e-10
409 6.426102e-10
410 4.736067e-10
411 3.484866e-10
412 2.535672e-10
413 1.808093e-10
414 1.254596e-10
415 8.425660e-11
416 5.460760e-11
417 3.413541e-11
418 2.067564e-11
419 1.222451e-11
420 1.679625e-08
421 1.342586e-08
422 1.042107e-08
423 7.903045e-09
424 5.844634e-09
425 4.192600e-09
426 2.947138e-09
427 2.077745e-09
428 1.473458e-09
429 1.057549e-09
430 7.696407e-10
431 5.654186e-10
432 4.162396e-10
433 3.038354e-10
434 2.180198e-10
435 1.525226e-10
436 1.034826e-10
437 6.776303e-11
438 4.279535e-11
439 2.615844e-11
440 1.557374e-11
441 1.853869e-08
442 1.490368e-08
443 1.161615e-08
444 8.842619e-09
445 6.570404e-09
446 4.732210e-09
447 3.328573e-09
448 2.341398e-09
449 1.657140e-09
450 1.185381e-09
451 8.600791e-10
452 6.307559e-10
453 4.641404e-10
454 3.394159e-10
455 2.443090e-10
456 1.716895e-10
457 1.170707e-10
458 7.711866e-11
459 4.899084e-11
460 3.008764e-11
461 1.798770e-11
462 1.985152e-08
463 1.601818e-08
464 1.251689e-08
465 9.552449e-09
466 7.116386e-09
467 5.139475e-09
468 3.616662e-09
469 2.541369e-09
470 1.795847e-09
471 1.281906e-09
472 9.282876e-10
473 6.799324e-10
474 5.003380e-10
475 3.662043e-10
476 2.640963e-10
477 1.861505e-10
478 1.273656e-10
479 8.417832e-11
480 5.365366e-11
481 3.306574e-11
482 1.981340e-11
483 2.092092e-08
484 1.692164e-08
485 1.324997e-08
486 1.012789e-08
487 7.559881e-09
488 5.470401e-09
489 3.850484e-09
490 2.703819e-09
491 1.908573e-09
492 1.360153e-09
493 9.837136e-10
494 7.199439e-10
495 5.295900e-10
496 3.879144e-10
497 2.802031e-10
498 1.978761e-10
499 1.356950e-10
500 8.991869e-11
501 5.743932e-11
502 3.547717e-11
503 2.129228e-11
504 2.185134e-08
505 1.771047e-08
506 1.389001e-08
507 1.063064e-08
508 7.947802e-09
509 5.757367e-09
510 4.054355e-09
511 2.844781e-09
512 2.007008e-09
513 1.428415e-09
514 1.032036e-09
515 7.548395e-10
516 5.552064e-10
517 4.068792e-10
518 2.942022e-10
519 2.081005e-10
520 1.429312e-10
521 9.490911e-11
522 6.075181e-11
523 3.757408e-11
524 2.258623e-11
525 2.273008e-08
526 1.845547e-08
527 1.449260e-08
528 1.110504e-08
529 8.314073e-09
530 6.030417e-09
531 4.246690e-09
532 2.978457e-09
533 2.099914e-09
534 1.493329e-09
535 1.077818e-09
536 7.877932e-10
537 5.794543e-10
538 4.248326e-10
539 3.074783e-10
540 2.177470e-10
541 1.498366e-10
542 9.964638e-11
543 6.388848e-11
544 3.957661e-11
545 2.381309e-11
546 2.376050e-08
547 1.932923e-08
548 1.520078e-08
549 1.166053e-08
550 8.742594e-09
551 6.350543e-09
552 4.473290e-09
553 3.135500e-09
554 2.208670e-09
555 1.568962e-09
556 1.131297e-09
557 8.264314e-10
558 6.077647e-10
559 4.458760e-10
560 3.229940e-10
561 2.291203e-10
562 1.578907e-10
563 1.051843e-10
564 6.754989e-11
565 4.190411e-11
566 2.524571e-11
567 2.047427e-08
568 1.660306e-08
569 1.302371e-08
570 9.962798e-09
571 7.446427e-09
572 5.405491e-09
573 3.814350e-09
574 2.676244e-09
575 1.889893e-09
576 1.344714e-09
577 9.709663e-10
578 7.092994e-10
579 5.210534e-10
580 3.813813e-10
581 2.754295e-10
582 1.946264e-10
583 1.337222e-10
584 8.880586e-11
585 5.688629e-11
586 3.523900e-11
587 2.121437e-11
588 2.321208e-08
589 1.899871e-08
590 1.500989e-08
591 1.154522e-08
592 8.679619e-09
593 6.345357e-09
594 4.497877e-09
595 3.148788e-09
596 2.218207e-09
597 1.570884e-09
598 1.128722e-09
599 8.211572e-10
600 6.019936e-10
601 4.407665e-10
602 3.193901e-10
603 2.268813e-10
604 1.569493e-10
605 1.051179e-10
606 6.792369e-11
607 4.241140e-11
608 2.571459e-11
609 2.530488e-08
610 2.084003e-08
611 1.654216e-08
612 1.276655e-08
613 9.635575e-09
614 7.074873e-09
615 5.030454e-09
616 3.518561e-09
617 2.474416e-09
618 1.747940e-09
619 1.251599e-09
620 9.081025e-10
621 6.648391e-10
622 4.869178e-10
623 3.533462e-10
624 2.518797e-10
625 1.749934e-10
626 1.177496e-10
627 7.648815e-11
628 4.800947e-11
629 2.923652e-11
630 2.701536e-08
631 2.233776e-08
632 1.779134e-08
633 1.376413e-08
634 1.041281e-08
635 7.669270e-09
636 5.464454e-09
637 3.820560e-09
638 2.683273e-09
639 1.892151e-09
640 1.351939e-09
641 9.791688e-10
642 7.159190e-10
643 5.244989e-10
644 3.810559e-10
645 2.722109e-10
646 1.896509e-10
647 1.280584e-10
648 8.346343e-11
649 5.256846e-11
650 3.210595e-11
651 2.850405e-08
652 2.364658e-08
653 1.887929e-08
654 1.463574e-08
655 1.109244e-08
656 8.188232e-09
657 5.843696e-09
658 4.084194e-09
659 2.865961e-09
660 2.018088e-09
661 1.439626e-09
662 1.040895e-09
663 7.607178e-10
664 5.571416e-10
665 4.053101e-10
666 2.899682e-10
667 2.024447e-10
668 1.370449e-10
669 8.956668e-11
670 5.654725e-11
671 3.461936e-11
672 2.990826e-08
673 2.488312e-08
674 1.990884e-08
675 1.545875e-08
676 1.173539e-08
677 8.680458e-09
678 6.201881e-09
679 4.333428e-09
680 3.038040e-09
681 2.137013e-09
682 1.522306e-09
683 1.099629e-09
684 8.029603e-10
685 5.881764e-10
686 4.281454e-10
687 3.068002e-10
688 2.145938e-10
689 1.455618e-10
690 9.532277e-11
691 6.031523e-11
692 3.698939e-11
693 3.155950e-08
694 2.633323e-08
695 2.111370e-08
696 1.642118e-08
697 1.248618e-08
698 9.252791e-09
699 6.622092e-09
700 4.624867e-09
701 3.240254e-09
702 2.276401e-09
703 1.619136e-09
704 1.168074e-09
705 8.523754e-10
706 6.244486e-10
707 4.549009e-10
708 3.264366e-10
709 2.287484e-10
710 1.554954e-10
711 1.020875e-10
712 6.472003e-11
713 3.976132e-11
714 2.694104e-08
715 2.233473e-08
716 1.783320e-08
717 1.382059e-08
718 1.046404e-08
719 7.723049e-09
720 5.521260e-09
721 3.863076e-09
722 2.711103e-09
723 1.910982e-09
724 1.363102e-09
725 9.854361e-10
726 7.194953e-10
727 5.263735e-10
728 3.824183e-10
729 2.732499e-10
730 1.906112e-10
731 1.289675e-10
732 8.427000e-11
733 5.322031e-11
734 3.260222e-11
735 2.992051e-08
736 2.502508e-08
737 2.012902e-08
738 1.568558e-08
739 1.193397e-08
740 8.858451e-09
741 6.371816e-09
742 4.464282e-09
743 3.124179e-09
744 2.196842e-09
745 1.559176e-09
746 1.122233e-09
747 8.167986e-10
748 5.969345e-10
749 4.340661e-10
750 3.112541e-10
751 2.182291e-10
752 1.485717e-10
753 9.778177e-11
754 6.221798e-11
755 3.837690e-11
756 3.237011e-08
757 2.724943e-08
758 2.202918e-08
759 1.723306e-08
760 1.315283e-08
761 9.802395e-09
762 7.079799e-09
763 4.966411e-09
764 3.469360e-09
765 2.435588e-09
766 1.722907e-09
767 1.236340e-09
768 8.976464e-10
769 6.555553e-10
770 4.769751e-10
771 3.427284e-10
772 2.411056e-10
773 1.648556e-10
774 1.090230e-10
775 6.970503e-11
776 4.319378e-11
777 3.450868e-08
778 2.918550e-08
779 2.369025e-08
780 1.858674e-08
781 1.421945e-08
782 1.062726e-08
783 7.699456e-09
784 5.405340e-09
785 3.771883e-09
786 2.644509e-09
787 1.866294e-09
788 1.336355e-09
789 9.686306e-10
790 7.066464e-10
791 5.145672e-10
792 3.702750e-10
793 2.610959e-10
794 1.790735e-10
795 1.188360e-10
796 7.627378e-11
797 4.741680e-11
798 3.653639e-08
799 3.102788e-08
800 2.526591e-08
801 1.986979e-08
802 1.523257e-08
803 1.141293e-08
804 8.287575e-09
805 5.823487e-09
806 4.058605e-09
807 2.843293e-09
808 2.002775e-09
809 1.431195e-09
810 1.036015e-09
811 7.554481e-10
812 5.501685e-10
813 3.964604e-10
814 2.801255e-10
815 1.926047e-10
816 1.281752e-10
817 8.247929e-11
818 5.141688e-11
819 3.891339e-08
820 3.318049e-08
821 2.711024e-08
822 2.137064e-08
823 1.641367e-08
824 1.232639e-08
825 8.974053e-09
826 6.309827e-09
827 4.393540e-09
828 3.074684e-09
829 2.161270e-09
830 1.541710e-09
831 1.114333e-09
832 8.120504e-10
833 5.917156e-10
834 4.269763e-10
835 3.023116e-10
836 2.083594e-10
837 1.390776e-10
838 8.972534e-11
839 5.607489e-11
840 3.379763e-08
841 2.860546e-08
842 2.324721e-08
843 1.825528e-08
844 1.397362e-08
845 1.044594e-08
846 7.579592e-09
847 5.333182e-09
848 3.720173e-09
849 2.609396e-09
850 1.840369e-09
851 1.316684e-09
852 9.533976e-10
853 6.948533e-10
854 5.053605e-10
855 3.635790e-10
856 2.563189e-10
857 1.758277e-10
858 1.167772e-10
859 7.503032e-11
860 4.671967e-11
861 3.709096e-08
862 3.166586e-08
863 2.592889e-08
864 2.048408e-08
865 1.574753e-08
866 1.182957e-08
867 8.635447e-09
868 6.100958e-09
869 4.248503e-09
870 2.974210e-09
871 2.089318e-09
872 1.488283e-09
873 1.073191e-09
874 7.804177e-10
875 5.673910e-10
876 4.088206e-10
877 2.893154e-10
878 1.995414e-10
879 1.333291e-10
880 8.622285e-11
881 5.404860e-11
882 3.999276e-08
883 3.436399e-08
884 2.830192e-08
885 2.245962e-08
886 1.732337e-08
887 1.305789e-08
888 9.574754e-09
889 6.784229e-09
890 4.720713e-09
891 3.299410e-09
892 2.311770e-09
893 1.641294e-09
894 1.180112e-09
895 8.563382e-10
896 6.225444e-10
897 4.490461e-10
898 3.185679e-10
899 2.205269e-10
900 1.479841e-10
901 9.619238e-11
902 6.058359e-11
903 4.274219e-08
904 3.692320e-08
905 3.055309e-08
906 2.433244e-08
907 1.882034e-08
908 1.422757e-08
909 1.046623e-08
910 7.435395e-09
911 5.169205e-09
912 3.608710e-09
913 2.523198e-09
914 1.786599e-09
915 1.281613e-09
916 9.287764e-10
917 6.748163e-10
918 4.872784e-10
919 3.464029e-10
920 2.404614e-10
921 1.619654e-10
922 1.056284e-10
923 6.677751e-11
924 4.595742e-08
925 3.991844e-08
926 3.318853e-08
927 2.652534e-08
928 2.056783e-08
929 1.559017e-08
930 1.150803e-08
931 8.193852e-09
932 5.693381e-09
933 3.970216e-09
934 2.770039e-09
935 1.956466e-09
936 1.400060e-09
937 1.012962e-09
938 7.359024e-10
939 5.319018e-10
940 3.788481e-10
941 2.637024e-10
942 1.782282e-10
943 1.166530e-10
944 7.400501e-11
945 4.127153e-08
946 3.562239e-08
947 2.947049e-08
948 2.347791e-08
949 1.815997e-08
950 1.372031e-08
951 1.009292e-08
952 7.180853e-09
953 4.999052e-09
954 3.489189e-09
955 2.441776e-09
956 1.728671e-09
957 1.239359e-09
958 8.975596e-10
959 6.515045e-10
960 4.699229e-10
961 3.337950e-10
962 2.315413e-10
963 1.558988e-10
964 1.016673e-10
965 6.429390e-11
966 4.504677e-08
967 3.921712e-08
968 3.270953e-08
969 2.623606e-08
970 2.038999e-08
971 1.547129e-08
972 1.144542e-08
973 8.188657e-09
974 5.705475e-09
975 3.972423e-09
976 2.773520e-09
977 1.954116e-09
978 1.394797e-09
979 1.006579e-09
980 7.295267e-10
981 5.263851e-10
982 3.747676e-10
983 2.610552e-10
984 1.766779e-10
985 1.159819e-10
986 7.382244e-11
987 4.865112e-08
988 4.265855e-08
989 3.581363e-08
990 2.887745e-08
991 2.253218e-08
992 1.715732e-08
993 1.274534e-08
994 9.160036e-09
995 6.386734e-09
996 4.438738e-09
997 3.093367e-09
998 2.171420e-09
999 1.544394e-09
1000 1.111429e-09
1001 8.044369e-10
1002 5.805832e-10
1003 4.141519e-10
1004 2.893441e-10
1005 1.966711e-10
1006 1.296576e-10
1007 8.296262e-11
1008 5.287345e-08
1009 4.667360e-08
1010 3.943672e-08
1011 3.195748e-08
1012 2.503184e-08
1013 1.912199e-08
1014 1.426340e-08
1015 1.029303e-08
1016 7.183110e-09
1017 4.983697e-09
1018 3.467395e-09
1019 2.425326e-09
1020 1.719429e-09
1021 1.233945e-09
1022 8.919224e-10
1023 6.439600e-10
1024 4.601046e-10
1025 3.223784e-10
1026 2.200294e-10
1027 1.456992e-10
1028 9.364420e-11
1029 4.980513e-08
1030 4.383095e-08
1031 3.695023e-08
1032 2.990866e-08
1033 2.340938e-08
1034 1.786070e-08
1035 1.330170e-08
1036 9.594971e-09
1037 6.709574e-09
1038 4.656673e-09
1039 3.244456e-09
1040 2.271512e-09
1041 1.611682e-09
1042 1.156859e-09
1043 8.356570e-10
1044 6.026269e-10
1045 4.298134e-10
1046 3.006993e-10
1047 2.048038e-10
1048 1.354758e-10
1049 8.696092e-11
1050 5.445354e-08
1051 4.835949e-08
1052 4.113364e-08
1053 3.355931e-08
1054 2.642257e-08
1055 2.025363e-08
1056 1.516075e-08
1057 1.100834e-08
1058 7.726149e-09
1059 5.351450e-09
1060 3.721735e-09
1061 2.593566e-09
1062 1.831126e-09
1063 1.308195e-09
1064 9.419977e-10
1065 6.785969e-10
1066 4.846980e-10
1067 3.401173e-10
1068 2.327987e-10
1069 1.548432e-10
1070 1.000708e-10
1071 5.990828e-08
1072 5.367008e-08
1073 4.604149e-08
1074 3.784222e-08
1075 2.996547e-08
1076 2.306852e-08
1077 1.735194e-08
1078 1.267401e-08
1079 8.926664e-09
1080 6.173488e-09
1081 4.285444e-09
1082 2.974251e-09
1083 2.090571e-09
1084 1.486906e-09
1085 1.067603e-09
1086 7.683065e-10
1087 5.492087e-10
1088 3.864967e-10
1089 2.657252e-10
1090 1.777133e-10
1091 1.155216e-10
1092 6.036755e-08
1093 5.422965e-08
1094 4.667441e-08
1095 3.850013e-08
1096 3.058106e-08
1097 2.359273e-08
1098 1.777313e-08
1099 1.301707e-08
1100 9.205480e-09
1101 6.371177e-09
1102 4.418367e-09
1103 3.064836e-09
1104 2.149119e-09
1105 1.524591e-09
1106 1.091924e-09
1107 7.842153e-10
1108 5.601223e-10
1109 3.941592e-10
1110 2.711968e-10
1111 1.817311e-10
1112 1.184094e-10
1113 6.747378e-08
1114 6.130299e-08
1115 5.338056e-08
1116 4.451402e-08
1117 3.567433e-08
1118 2.770150e-08
1119 2.099545e-08
1120 1.549784e-08
1121 1.104379e-08
1122 7.648870e-09
1123 5.288185e-09
1124 3.655494e-09
1125 2.545864e-09
1126 1.793703e-09
1127 1.277574e-09
1128 9.144164e-10
1129 6.527143e-10
1130 4.602829e-10
1131 3.182330e-10
1132 2.145419e-10
1133 1.408431e-10
1134 7.718689e-08
1135 7.121761e-08
1136 6.304835e-08
1137 5.345153e-08
1138 4.347016e-08
1139 3.412923e-08
1140 2.609222e-08
1141 1.946100e-08
1142 1.405386e-08
1143 9.803647e-09
1144 6.749650e-09
1145 4.652920e-09
1146 3.208917e-09
1147 2.237983e-09
1148 1.577576e-09
1149 1.120186e-09
1150 7.960597e-10
1151 5.613911e-10
1152 3.895185e-10
1153 2.645277e-10
1154 1.753632e-10
