0 2.441351e-09
1 1.808455e-09
2 1.310769e-09
3 9.368630e-10
4 6.697963e-10
5 4.832009e-10
6 3.526148e-10
7 2.603833e-10
8 1.936172e-10
9 1.438570e-10
10 1.058358e-10
11 7.647092e-11
12 5.389598e-11
13 3.689553e-11
14 2.447851e-11
15 1.574817e-11
16 9.856349e-12
17 6.036749e-12
18 3.642387e-12
19 2.190150e-12
20 1.330877e-12
21 4.098130e-09
22 3.087935e-09
23 2.272068e-09
24 1.634010e-09
25 1.161914e-09
26 8.297748e-10
27 5.982018e-10
28 4.367434e-10
29 3.227363e-10
30 2.398956e-10
31 1.779099e-10
32 1.304719e-10
33 9.379952e-11
34 6.571610e-11
35 4.466760e-11
36 2.941324e-11
37 1.878780e-11
38 1.167713e-11
39 7.105986e-12
40 4.272336e-12
41 2.573329e-12
42 4.715930e-09
43 3.572438e-09
44 2.642322e-09
45 1.908250e-09
46 1.357593e-09
47 9.668554e-10
48 6.947656e-10
49 5.052419e-10
50 3.721027e-10
51 2.762114e-10
52 2.050342e-10
53 1.508321e-10
54 1.089743e-10
55 7.682266e-11
56 5.261046e-11
57 3.490351e-11
58 2.245093e-11
59 1.403822e-11
60 8.578232e-12
61 5.167198e-12
62 3.109170e-12
63 5.059131e-09
64 3.841711e-09
65 2.848790e-09
66 2.061378e-09
67 1.466833e-09
68 1.043537e-09
69 7.487477e-10
70 5.434731e-10
71 3.996725e-10
72 2.964826e-10
73 2.201522e-10
74 1.621579e-10
75 1.174209e-10
76 8.302345e-11
77 5.703535e-11
78 3.797269e-11
79 2.449928e-11
80 1.536205e-11
81 9.404301e-12
82 5.669684e-12
83 3.410483e-12
84 5.290185e-09
85 4.022851e-09
86 2.987447e-09
87 2.163940e-09
88 1.540419e-09
89 1.095100e-09
90 7.850509e-10
91 5.691751e-10
92 4.182448e-10
93 3.101276e-10
94 2.303094e-10
95 1.697553e-10
96 1.231001e-10
97 8.718844e-11
98 6.000694e-11
99 4.003226e-11
100 2.588068e-11
101 1.625245e-11
102 9.961014e-12
103 6.007961e-12
104 3.613277e-12
105 5.463159e-09
106 4.158690e-09
107 3.091204e-09
108 2.240999e-09
109 1.595411e-09
110 1.133833e-09
111 8.122684e-10
112 5.885096e-10
113 4.321352e-10
114 3.203299e-10
115 2.379435e-10
116 1.754873e-10
117 1.273638e-10
118 9.032159e-11
119 6.225653e-11
120 4.158162e-11
121 2.691422e-11
122 1.691954e-11
123 1.037767e-11
124 6.261701e-12
125 3.765233e-12
126 5.603262e-09
127 4.268332e-09
128 3.175243e-09
129 2.303368e-09
130 1.640005e-09
131 1.165006e-09
132 8.343543e-10
133 6.041352e-10
134 4.434448e-10
135 3.286171e-10
136 2.441181e-10
137 1.800947e-10
138 1.308094e-10
139 9.284623e-11
140 6.405842e-11
141 4.282990e-11
142 2.775371e-11
143 1.746084e-11
144 1.071494e-11
145 6.467770e-12
146 3.888584e-12
147 5.727083e-09
148 4.365304e-09
149 3.249691e-09
150 2.358559e-09
151 1.679450e-09
152 1.192644e-09
153 8.536200e-10
154 6.178865e-10
155 4.533155e-10
156 3.358592e-10
157 2.495290e-10
158 1.841803e-10
159 1.338481e-10
160 9.505836e-11
161 6.563939e-11
162 4.393335e-11
163 2.848445e-11
164 1.793312e-11
165 1.100982e-11
166 6.647067e-12
167 3.996343e-12
168 5.843789e-09
169 4.456851e-09
170 3.319929e-09
171 2.410659e-09
172 1.716278e-09
173 1.218678e-09
174 8.720295e-10
175 6.307943e-10
176 4.626422e-10
177 3.427307e-10
178 2.546129e-10
179 1.880048e-10
180 1.367073e-10
181 9.714477e-11
182 6.714254e-11
183 4.496699e-11
184 2.917829e-11
185 1.837995e-11
186 1.128980e-11
187 6.817156e-12
188 4.098472e-12
189 5.977122e-09
190 4.561572e-09
191 3.400555e-09
192 2.470654e-09
193 1.759331e-09
194 1.248743e-09
195 8.932105e-10
196 6.457690e-10
197 4.734214e-10
198 3.506968e-10
199 2.605571e-10
200 1.924654e-10
201 1.400223e-10
202 9.959417e-11
203 6.888688e-11
204 4.617728e-11
205 2.998390e-11
206 1.890044e-11
207 1.161572e-11
208 7.015497e-12
209 4.216941e-12
210 8.349079e-09
211 6.444176e-09
212 4.860718e-09
213 3.572215e-09
214 2.554778e-09
215 1.805408e-09
216 1.283190e-09
217 9.197877e-10
218 6.689154e-10
219 4.926631e-10
220 3.658658e-10
221 2.714201e-10
222 1.992702e-10
223 1.435171e-10
224 1.007319e-10
225 6.859684e-11
226 4.522973e-11
227 2.887796e-11
228 1.792102e-11
229 1.088401e-11
230 6.542752e-12
231 1.054235e-08
232 8.216291e-09
233 6.253134e-09
234 4.645867e-09
235 3.353275e-09
236 2.370686e-09
237 1.676934e-09
238 1.195102e-09
239 8.618771e-10
240 6.307916e-10
241 4.667100e-10
242 3.462905e-10
243 2.553861e-10
244 1.854509e-10
245 1.315810e-10
246 9.076667e-11
247 6.065767e-11
248 3.923533e-11
249 2.461823e-11
250 1.507293e-11
251 9.093062e-12
252 1.184152e-08
253 9.274477e-09
254 7.089240e-09
255 5.291061e-09
256 3.836802e-09
257 2.716836e-09
258 1.917837e-09
259 1.363492e-09
260 9.796756e-10
261 7.145322e-10
262 5.274837e-10
263 3.913225e-10
264 2.890361e-10
265 2.106081e-10
266 1.501542e-10
267 1.041609e-10
268 7.002411e-11
269 4.556742e-11
270 2.874091e-11
271 1.766909e-11
272 1.068339e-11
273 1.272229e-08
274 9.993328e-09
275 7.656669e-09
276 5.729843e-09
277 4.165888e-09
278 2.952016e-09
279 2.082030e-09
280 1.478042e-09
281 1.059959e-09
282 7.716503e-10
283 5.688061e-10
284 4.219504e-10
285 3.119001e-10
286 2.276699e-10
287 1.627296e-10
288 1.132440e-10
289 7.638439e-11
290 4.987110e-11
291 3.154732e-11
292 1.943735e-11
293 1.176868e-11
294 1.338422e-08
295 1.053197e-08
296 8.082158e-09
297 6.059476e-09
298 4.412657e-09
299 3.128394e-09
300 2.204709e-09
301 1.563871e-09
302 1.119916e-09
303 8.143065e-10
304 5.998652e-10
305 4.448485e-10
306 3.290487e-10
307 2.404751e-10
308 1.722059e-10
309 1.200673e-10
310 8.115535e-11
311 5.309709e-11
312 3.365171e-11
313 2.076531e-11
314 1.258270e-11
315 1.391970e-08
316 1.096903e-08
317 8.427201e-09
318 6.325643e-09
319 4.612596e-09
320 3.271790e-09
321 2.304544e-09
322 1.633660e-09
323 1.168675e-09
324 8.490219e-10
325 6.250458e-10
326 4.634517e-10
327 3.429317e-10
328 2.508042e-10
329 1.798342e-10
330 1.255776e-10
331 8.504327e-11
332 5.571934e-11
333 3.536413e-11
334 2.184176e-11
335 1.324220e-11
336 1.438630e-08
337 1.134901e-08
338 8.727820e-09
339 6.557941e-09
340 4.786329e-09
341 3.396725e-09
342 2.391673e-09
343 1.694725e-09
344 1.211226e-09
345 8.793595e-10
346 6.468553e-10
347 4.796172e-10
348 3.550642e-10
349 2.598601e-10
350 1.865079e-10
351 1.304113e-10
352 8.841273e-11
353 5.800595e-11
354 3.685384e-11
355 2.278110e-11
356 1.381858e-11
357 1.483020e-08
358 1.171080e-08
359 9.013653e-09
360 6.779318e-09
361 4.952273e-09
362 3.514599e-09
363 2.474498e-09
364 1.752468e-09
365 1.251543e-09
366 9.079822e-10
367 6.677925e-10
368 4.950066e-10
369 3.665585e-10
370 2.684713e-10
371 1.928514e-10
372 1.349615e-10
373 9.161646e-11
374 6.017495e-11
375 3.826603e-11
376 2.366899e-11
377 1.436377e-11
378 1.534551e-08
379 1.213149e-08
380 9.346573e-09
381 7.036288e-09
382 5.145309e-09
383 3.652987e-09
384 2.570458e-09
385 1.819391e-09
386 1.298830e-09
387 9.414971e-10
388 6.920899e-10
389 5.130082e-10
390 3.799563e-10
391 2.784995e-10
392 2.002305e-10
393 1.402925e-10
394 9.534669e-11
395 6.270129e-11
396 3.991179e-11
397 2.470938e-11
398 1.500078e-11
399 1.429367e-08
400 1.131939e-08
401 8.723418e-09
402 6.573433e-09
403 4.822261e-09
404 3.435766e-09
405 2.417527e-09
406 1.712150e-09
407 1.221210e-09
408 8.838388e-10
409 6.482903e-10
410 4.794882e-10
411 3.546609e-10
412 2.597320e-10
413 1.868065e-10
414 1.310396e-10
415 8.921633e-11
416 5.882166e-11
417 3.755053e-11
418 2.332060e-11
419 1.419374e-11
420 1.679282e-08
421 1.342364e-08
422 1.042013e-08
423 7.903375e-09
424 5.846112e-09
425 4.195081e-09
426 2.950415e-09
427 2.081583e-09
428 1.477978e-09
429 1.062898e-09
430 7.755714e-10
431 5.719146e-10
432 4.229407e-10
433 3.106665e-10
434 2.246959e-10
435 1.588258e-10
436 1.091510e-10
437 7.268062e-11
438 4.685307e-11
439 2.933656e-11
440 1.796243e-11
441 1.853482e-08
442 1.490106e-08
443 1.161487e-08
444 8.842649e-09
445 6.571771e-09
446 4.734688e-09
447 3.332296e-09
448 2.345776e-09
449 1.661938e-09
450 1.190981e-09
451 8.662672e-10
452 6.375129e-10
453 4.712682e-10
454 3.466984e-10
455 2.514680e-10
456 1.785062e-10
457 1.232804e-10
458 8.252272e-11
459 5.348216e-11
460 3.364422e-11
461 2.067450e-11
462 1.984730e-08
463 1.601532e-08
464 1.251542e-08
465 9.552377e-09
466 7.117517e-09
467 5.141823e-09
468 3.620096e-09
469 2.545579e-09
470 1.800966e-09
471 1.287714e-09
472 9.346681e-10
473 6.869151e-10
474 5.078249e-10
475 3.737886e-10
476 2.716260e-10
477 1.933341e-10
478 1.339317e-10
479 8.995165e-11
480 5.848894e-11
481 3.690053e-11
482 2.272356e-11
483 2.091643e-08
484 1.691852e-08
485 1.324832e-08
486 1.012775e-08
487 7.561021e-09
488 5.472763e-09
489 3.853863e-09
490 2.707784e-09
491 1.913664e-09
492 1.366116e-09
493 9.903902e-10
494 7.272289e-10
495 5.372624e-10
496 3.957648e-10
497 2.880451e-10
498 2.053686e-10
499 1.425773e-10
500 9.598215e-11
501 6.255032e-11
502 3.953858e-11
503 2.438518e-11
504 2.184665e-08
505 1.770715e-08
506 1.388823e-08
507 1.063039e-08
508 7.948981e-09
509 5.759809e-09
510 4.057837e-09
511 2.849155e-09
512 2.012156e-09
513 1.434415e-09
514 1.038820e-09
515 7.621730e-10
516 5.630793e-10
517 4.150058e-10
518 3.023415e-10
519 2.158340e-10
520 1.501158e-10
521 1.012509e-10
522 6.609738e-11
523 4.184489e-11
524 2.583526e-11
525 2.272518e-08
526 1.845199e-08
527 1.449064e-08
528 1.110460e-08
529 8.315112e-09
530 6.033656e-09
531 4.250249e-09
532 2.983069e-09
533 2.105270e-09
534 1.499493e-09
535 1.084754e-09
536 7.953419e-10
537 5.875639e-10
538 4.332086e-10
539 3.158367e-10
540 2.258141e-10
541 1.572785e-10
542 1.062428e-10
543 6.944912e-11
544 4.402766e-11
545 2.721397e-11
546 2.375534e-08
547 1.932552e-08
548 1.519872e-08
549 1.166010e-08
550 8.743653e-09
551 6.352752e-09
552 4.476750e-09
553 3.139843e-09
554 2.214144e-09
555 1.575288e-09
556 1.138428e-09
557 8.342481e-10
558 6.161511e-10
559 4.545119e-10
560 3.316041e-10
561 2.374240e-10
562 1.656252e-10
563 1.120659e-10
564 7.337210e-11
565 4.658705e-11
566 2.882124e-11
567 2.046994e-08
568 1.659932e-08
569 1.302211e-08
570 9.962674e-09
571 7.447387e-09
572 5.407901e-09
573 3.817707e-09
574 2.680416e-09
575 1.894904e-09
576 1.350485e-09
577 9.774149e-10
578 7.164162e-10
579 5.285610e-10
580 3.890611e-10
581 2.830564e-10
582 2.019415e-10
583 1.404272e-10
584 9.474182e-11
585 6.188964e-11
586 3.923531e-11
587 2.426371e-11
588 2.320713e-08
589 1.899510e-08
590 1.500534e-08
591 1.154470e-08
592 8.680600e-09
593 6.347656e-09
594 4.501316e-09
595 3.153143e-09
596 2.223445e-09
597 1.577121e-09
598 1.135516e-09
599 8.287692e-10
600 6.100037e-10
601 4.491507e-10
602 3.277104e-10
603 2.349234e-10
604 1.644284e-10
605 1.117785e-10
606 7.361946e-11
607 4.702798e-11
608 2.927519e-11
609 2.529938e-08
610 2.083599e-08
611 1.653973e-08
612 1.276570e-08
613 9.636279e-09
614 7.076997e-09
615 5.033594e-09
616 3.523077e-09
617 2.479728e-09
618 1.754211e-09
619 1.258782e-09
620 9.158923e-10
621 6.733450e-10
622 4.956306e-10
623 3.621611e-10
624 2.604989e-10
625 1.830416e-10
626 1.250051e-10
627 8.273493e-11
628 5.310159e-11
629 3.318914e-11
630 2.700946e-08
631 2.233332e-08
632 1.778867e-08
633 1.376427e-08
634 1.041343e-08
635 7.671317e-09
636 5.467822e-09
637 3.825235e-09
638 2.688785e-09
639 1.898562e-09
640 1.359350e-09
641 9.873079e-10
642 7.246784e-10
643 5.335509e-10
644 3.903882e-10
645 2.812567e-10
646 1.981691e-10
647 1.357583e-10
648 9.015005e-11
649 5.805064e-11
650 3.637955e-11
651 2.849782e-08
652 2.364180e-08
653 1.887627e-08
654 1.463455e-08
655 1.109295e-08
656 8.190340e-09
657 5.847172e-09
658 4.088821e-09
659 2.871525e-09
660 2.024637e-09
661 1.446951e-09
662 1.049387e-09
663 7.696748e-10
664 5.666539e-10
665 4.148946e-10
666 2.994619e-10
667 2.113607e-10
668 1.452112e-10
669 9.663325e-11
670 6.237342e-11
671 3.916649e-11
672 2.990170e-08
673 2.487805e-08
674 1.990552e-08
675 1.545728e-08
676 1.173576e-08
677 8.682488e-09
678 6.205422e-09
679 4.338236e-09
680 3.043959e-09
681 2.143928e-09
682 1.530019e-09
683 1.108208e-09
684 8.122838e-10
685 5.979586e-10
686 4.381203e-10
687 3.165969e-10
688 2.238841e-10
689 1.540614e-10
690 1.027566e-10
691 6.644866e-11
692 4.180185e-11
693 3.155579e-08
694 2.632780e-08
695 2.111012e-08
696 1.641963e-08
697 1.248645e-08
698 9.255277e-09
699 6.625580e-09
700 4.629637e-09
701 3.246240e-09
702 2.283401e-09
703 1.627079e-09
704 1.176899e-09
705 8.619746e-10
706 6.345204e-10
707 4.652809e-10
708 3.366676e-10
709 2.385073e-10
710 1.644377e-10
711 1.099285e-10
712 7.124649e-11
713 4.489169e-11
714 2.693525e-08
715 2.233030e-08
716 1.783042e-08
717 1.381954e-08
718 1.046544e-08
719 7.725173e-09
720 5.524468e-09
721 3.867759e-09
722 2.716925e-09
723 1.917430e-09
724 1.370444e-09
725 9.936070e-10
726 7.281529e-10
727 5.355190e-10
728 3.916183e-10
729 2.822030e-10
730 1.990482e-10
731 1.366357e-10
732 9.093832e-11
733 5.871441e-11
734 3.689514e-11
735 2.991406e-08
736 2.501999e-08
737 2.012572e-08
738 1.568410e-08
739 1.193423e-08
740 8.860347e-09
741 6.374899e-09
742 4.468998e-09
743 3.129912e-09
744 2.203563e-09
745 1.566823e-09
746 1.130646e-09
747 8.261036e-10
748 6.065269e-10
749 4.439662e-10
750 3.209086e-10
751 2.274455e-10
752 1.570517e-10
753 1.052365e-10
754 6.842035e-11
755 4.326819e-11
756 3.236307e-08
757 2.724387e-08
758 2.202542e-08
759 1.722969e-08
760 1.315287e-08
761 9.804108e-09
762 7.083067e-09
763 4.971026e-09
764 3.475138e-09
765 2.442645e-09
766 1.731003e-09
767 1.245318e-09
768 9.072128e-10
769 6.655888e-10
770 4.873690e-10
771 3.530367e-10
772 2.509560e-10
773 1.739639e-10
774 1.170909e-10
775 7.649085e-11
776 4.858322e-11
777 3.450274e-08
778 2.917942e-08
779 2.368608e-08
780 1.858461e-08
781 1.421929e-08
782 1.062895e-08
783 7.702798e-09
784 5.410072e-09
785 3.777626e-09
786 2.651935e-09
787 1.874401e-09
788 1.345453e-09
789 9.785326e-10
790 7.173381e-10
791 5.253903e-10
792 3.811478e-10
793 2.714921e-10
794 1.887747e-10
795 1.274777e-10
796 8.354561e-11
797 5.323309e-11
798 3.652843e-08
799 3.102137e-08
800 2.526353e-08
801 1.986728e-08
802 1.523262e-08
803 1.141450e-08
804 8.290946e-09
805 5.828394e-09
806 4.064841e-09
807 2.850755e-09
808 2.011023e-09
809 1.440465e-09
810 1.046237e-09
811 7.663139e-10
812 5.614704e-10
813 4.077638e-10
814 2.910471e-10
815 2.028222e-10
816 1.373336e-10
817 9.024084e-11
818 5.765014e-11
819 3.890494e-08
820 3.317359e-08
821 2.710529e-08
822 2.136795e-08
823 1.641316e-08
824 1.232793e-08
825 8.977357e-09
826 6.314685e-09
827 4.399904e-09
828 3.082266e-09
829 2.169932e-09
830 1.551414e-09
831 1.125000e-09
832 8.234473e-10
833 6.035197e-10
834 4.388526e-10
835 3.137638e-10
836 2.192345e-10
837 1.488358e-10
838 9.807917e-11
839 6.280927e-11
840 3.379032e-08
841 2.859955e-08
842 2.324317e-08
843 1.825321e-08
844 1.397345e-08
845 1.044759e-08
846 7.582870e-09
847 5.337863e-09
848 3.726106e-09
849 2.616560e-09
850 1.848424e-09
851 1.325743e-09
852 9.631782e-10
853 7.051471e-10
854 5.160864e-10
855 3.740649e-10
856 2.665118e-10
857 1.853288e-10
858 1.252187e-10
859 8.217111e-11
860 5.242710e-11
861 3.708216e-08
862 3.165932e-08
863 2.592423e-08
864 2.048154e-08
865 1.574702e-08
866 1.183094e-08
867 8.638568e-09
868 6.105616e-09
869 4.254568e-09
870 2.981483e-09
871 2.097692e-09
872 1.497661e-09
873 1.083443e-09
874 7.912685e-10
875 5.787227e-10
876 4.201773e-10
877 3.003065e-10
878 2.098434e-10
879 1.426286e-10
880 9.417074e-11
881 6.046418e-11
882 3.998424e-08
883 3.435334e-08
884 2.829670e-08
885 2.245660e-08
886 1.732255e-08
887 1.305944e-08
888 9.577889e-09
889 6.788983e-09
890 4.726899e-09
891 3.307016e-09
892 2.320417e-09
893 1.651052e-09
894 1.190810e-09
895 8.677713e-10
896 6.344165e-10
897 4.611025e-10
898 3.302558e-10
899 2.316153e-10
900 1.580565e-10
901 1.048271e-10
902 6.760517e-11
903 4.272815e-08
904 3.691544e-08
905 3.054732e-08
906 2.432889e-08
907 1.881924e-08
908 1.422863e-08
909 1.046934e-08
910 7.440300e-09
911 5.175655e-09
912 3.616908e-09
913 2.532325e-09
914 1.796658e-09
915 1.292677e-09
916 9.407249e-10
917 6.872870e-10
918 4.998942e-10
919 3.587924e-10
920 2.522057e-10
921 1.727187e-10
922 1.149474e-10
923 7.440183e-11
924 4.594765e-08
925 3.991013e-08
926 3.318222e-08
927 2.652147e-08
928 2.056642e-08
929 1.559110e-08
930 1.151104e-08
931 8.198777e-09
932 5.699844e-09
933 3.978223e-09
934 2.779331e-09
935 1.966928e-09
936 1.411621e-09
937 1.025452e-09
938 7.490698e-10
939 5.452403e-10
940 3.919500e-10
941 2.763299e-10
942 1.898256e-10
943 1.267766e-10
944 8.233832e-11
945 4.126276e-08
946 3.561500e-08
947 2.946504e-08
948 2.347466e-08
949 1.815894e-08
950 1.372134e-08
951 1.009588e-08
952 7.185588e-09
953 5.005271e-09
954 3.496833e-09
955 2.450539e-09
956 1.738622e-09
957 1.250181e-09
958 9.091119e-10
959 6.636353e-10
960 4.821792e-10
961 3.457655e-10
962 2.429125e-10
963 1.662635e-10
964 1.106663e-10
965 7.162163e-11
966 4.503726e-08
967 3.920897e-08
968 3.271131e-08
969 2.623219e-08
970 2.038851e-08
971 1.547202e-08
972 1.144856e-08
973 8.193371e-09
974 5.712010e-09
975 3.980137e-09
976 2.782659e-09
977 1.964423e-09
978 1.406154e-09
979 1.018814e-09
980 7.423148e-10
981 5.394960e-10
982 3.876289e-10
983 2.733537e-10
984 1.880467e-10
985 1.258788e-10
986 8.199090e-11
987 4.864094e-08
988 4.264970e-08
989 3.580676e-08
990 2.887304e-08
991 2.253028e-08
992 1.715781e-08
993 1.274813e-08
994 9.164857e-09
995 6.393409e-09
996 4.447055e-09
997 3.102976e-09
998 2.182089e-09
999 1.556249e-09
1000 1.124329e-09
1001 8.179286e-10
1002 5.944343e-10
1003 4.277714e-10
1004 3.025427e-10
1005 2.089578e-10
1006 1.404916e-10
1007 9.195269e-11
1008 5.285791e-08
1009 4.665916e-08
1010 3.942909e-08
1011 3.195233e-08
1012 2.502947e-08
1013 1.912223e-08
1014 1.426597e-08
1015 1.029772e-08
1016 7.189692e-09
1017 4.992039e-09
1018 3.477312e-09
1019 2.436471e-09
1020 1.731836e-09
1021 1.247410e-09
1022 9.062530e-10
1023 6.586461e-10
1024 4.746522e-10
1025 3.366543e-10
1026 2.333838e-10
1027 1.575908e-10
1028 1.035972e-10
1029 4.979479e-08
1030 4.382189e-08
1031 3.694309e-08
1032 2.990395e-08
1033 2.340724e-08
1034 1.786098e-08
1035 1.330426e-08
1036 9.599614e-09
1037 6.715966e-09
1038 4.664639e-09
1039 3.253953e-09
1040 2.282312e-09
1041 1.623636e-09
1042 1.169807e-09
1043 8.492760e-10
1044 6.165959e-10
1045 4.437144e-10
1046 3.141449e-10
1047 2.173743e-10
1048 1.465452e-10
1049 9.621994e-11
1050 5.443749e-08
1051 4.834958e-08
1052 4.112568e-08
1053 3.355390e-08
1054 2.641986e-08
1055 2.025352e-08
1056 1.516318e-08
1057 1.101289e-08
1058 7.732707e-09
1059 5.359885e-09
1060 3.731712e-09
1061 2.604845e-09
1062 1.843662e-09
1063 1.321848e-09
1064 9.565486e-10
1065 6.935529e-10
1066 4.995455e-10
1067 3.546485e-10
1068 2.465330e-10
1069 1.671452e-10
1070 1.104113e-10
1071 5.989164e-08
1072 5.365921e-08
1073 4.603251e-08
1074 3.783583e-08
1075 2.996194e-08
1076 2.306798e-08
1077 1.735401e-08
1078 1.267857e-08
1079 8.933279e-09
1080 6.182092e-09
1081 4.295729e-09
1082 2.986030e-09
1083 2.103709e-09
1084 1.501319e-09
1085 1.082969e-09
1086 7.843008e-10
1087 5.652484e-10
1088 4.023850e-10
1089 2.808001e-10
1090 1.913622e-10
1091 1.271394e-10
1092 6.035552e-08
1093 5.421868e-08
1094 4.666536e-08
1095 3.849361e-08
1096 3.057748e-08
1097 2.359198e-08
1098 1.777513e-08
1099 1.302143e-08
1100 9.212316e-09
1101 6.379696e-09
1102 4.428551e-09
1103 3.076654e-09
1104 2.162319e-09
1105 1.539041e-09
1106 1.107309e-09
1107 8.002575e-10
1108 5.762130e-10
1109 4.100197e-10
1110 2.863734e-10
1111 1.954476e-10
1112 1.301257e-10
1113 6.746072e-08
1114 6.129084e-08
1115 5.337021e-08
1116 4.450639e-08
1117 3.566856e-08
1118 2.769963e-08
1119 2.099689e-08
1120 1.550206e-08
1121 1.105035e-08
1122 7.657678e-09
1123 5.298892e-09
1124 3.667889e-09
1125 2.559805e-09
1126 1.809053e-09
1127 1.294056e-09
1128 9.317598e-10
1129 6.702031e-10
1130 4.778025e-10
1131 3.350317e-10
1132 2.300033e-10
1133 1.542641e-10
1134 7.717252e-08
1135 7.120392e-08
1136 6.303630e-08
1137 5.344221e-08
1138 4.346138e-08
1139 3.412655e-08
1140 2.609278e-08
1141 1.946470e-08
1142 1.406025e-08
1143 9.812620e-09
1144 6.760812e-09
1145 4.666020e-09
1146 3.223779e-09
1147 2.254459e-09
1148 1.595453e-09
1149 1.139019e-09
1150 8.154810e-10
1151 5.808872e-10
1152 4.085234e-10
1153 2.822229e-10
1154 1.909823e-10
