0 2.478916e-09
1 1.838948e-09
2 1.332562e-09
3 9.499481e-10
4 6.750506e-10
5 4.828493e-10
6 3.489358e-10
7 2.556010e-10
8 1.892259e-10
9 1.404802e-10
10 1.035005e-10
11 7.485240e-11
12 5.267330e-11
13 3.585703e-11
14 2.355733e-11
15 1.495071e-11
16 9.193420e-12
17 5.520768e-12
18 3.261567e-12
19 1.908229e-12
20 1.111375e-12
21 4.154133e-09
22 3.137006e-09
23 2.311462e-09
24 1.661571e-09
25 1.177803e-09
26 8.356230e-10
27 5.968896e-10
28 4.314032e-10
29 3.162095e-10
30 2.341494e-10
31 1.736128e-10
32 1.274628e-10
33 9.166428e-11
34 6.401700e-11
35 4.319640e-11
36 2.811228e-11
37 1.767366e-11
38 1.078982e-11
39 6.445883e-12
40 3.795111e-12
41 2.215442e-12
42 4.777631e-09
43 3.627310e-09
44 2.687598e-09
45 1.940986e-09
46 1.377698e-09
47 9.756840e-10
48 6.950051e-10
49 5.002072e-10
50 3.652083e-10
51 2.697588e-10
52 2.000142e-10
53 1.472505e-10
54 1.064405e-10
55 7.487807e-11
56 5.091945e-11
57 3.341803e-11
58 2.117305e-11
59 1.300594e-11
60 7.806673e-12
61 4.610542e-12
62 2.695687e-12
63 5.124156e-09
64 3.899967e-09
65 2.897049e-09
66 2.096982e-09
67 1.489294e-09
68 1.053937e-09
69 7.498630e-10
70 5.387534e-10
71 3.926125e-10
72 2.896553e-10
73 2.147324e-10
74 1.582682e-10
75 1.146728e-10
76 8.091263e-11
77 5.523822e-11
78 3.638269e-11
79 2.312777e-11
80 1.424750e-11
81 8.570543e-12
82 5.068929e-12
83 2.965585e-12
84 5.357040e-09
85 4.082983e-09
86 3.037839e-09
87 2.201730e-09
88 1.564391e-09
89 1.106626e-09
90 7.867433e-10
91 5.646161e-10
92 4.110650e-10
93 3.029577e-10
94 2.245921e-10
95 1.656761e-10
96 1.202096e-10
97 8.497763e-11
98 5.813684e-11
99 3.837357e-11
100 2.444404e-11
101 1.508475e-11
102 9.082810e-12
103 5.376421e-12
104 3.147366e-12
105 5.531716e-09
106 4.220591e-09
107 3.143428e-09
108 2.280135e-09
109 1.620423e-09
110 1.146099e-09
111 8.143540e-10
112 5.840225e-10
113 4.248597e-10
114 3.129903e-10
115 2.320111e-10
116 1.711927e-10
117 1.243457e-10
118 8.802026e-11
119 6.031272e-11
120 3.986983e-11
121 2.543080e-11
122 1.570978e-11
123 9.468988e-12
124 5.608348e-12
125 3.283567e-12
126 5.672987e-09
127 4.331550e-09
128 3.228637e-09
129 2.343915e-09
130 1.666134e-09
131 1.178053e-09
132 8.368364e-10
133 5.998382e-10
134 4.360429e-10
135 3.211438e-10
136 2.380533e-10
137 1.757238e-10
138 1.277176e-10
139 9.047669e-11
140 6.206994e-11
141 4.107894e-11
142 2.623035e-11
143 1.621902e-11
144 9.781386e-12
145 5.796097e-12
146 3.394316e-12
147 5.797818e-09
148 4.429534e-09
149 3.304494e-09
150 2.399892e-09
151 1.706131e-09
152 1.206131e-09
153 8.564243e-10
154 6.135324e-10
155 4.458730e-10
156 3.282224e-10
157 2.433203e-10
158 1.796635e-10
159 1.306674e-10
160 9.265871e-11
161 6.362126e-11
162 4.214164e-11
163 2.692993e-11
164 1.666340e-11
165 1.005377e-11
166 5.959767e-12
167 3.490489e-12
168 5.915792e-09
169 4.522266e-09
170 3.375544e-09
171 2.452978e-09
172 1.744259e-09
173 1.232647e-09
174 8.749845e-10
175 6.267216e-10
176 4.550859e-10
177 3.349720e-10
178 2.483147e-10
179 1.834073e-10
180 1.334619e-10
181 9.471739e-11
182 6.507929e-11
183 4.314414e-11
184 2.759541e-11
185 1.708204e-11
186 1.031230e-11
187 6.114592e-12
188 3.582013e-12
189 6.050290e-09
190 4.628254e-09
191 3.457147e-09
192 2.513939e-09
193 1.787875e-09
194 1.263525e-09
195 8.966336e-10
196 6.417917e-10
197 4.659607e-10
198 3.427886e-10
199 2.540770e-10
200 1.877301e-10
201 1.367021e-10
202 9.708343e-11
203 6.677440e-11
204 4.431202e-11
205 2.836482e-11
206 1.757414e-11
207 1.061274e-11
208 6.295632e-12
209 3.688238e-12
210 8.440719e-09
211 6.529222e-09
212 4.937188e-09
213 3.635120e-09
214 2.600121e-09
215 1.832881e-09
216 1.294821e-09
217 9.192937e-10
218 6.613068e-10
219 4.826688e-10
220 3.566167e-10
221 2.644113e-10
222 1.942522e-10
223 1.398549e-10
224 9.779122e-11
225 6.604144e-11
226 4.295641e-11
227 2.697913e-11
228 1.645820e-11
229 9.832572e-12
230 5.783837e-12
231 1.064603e-08
232 8.315864e-09
233 6.344790e-09
234 4.724242e-09
235 3.413306e-09
236 2.410439e-09
237 1.697385e-09
238 1.200024e-09
239 8.563388e-10
240 6.202080e-10
241 4.555164e-10
242 3.370896e-10
243 2.486534e-10
244 1.805686e-10
245 1.277820e-10
246 8.751294e-11
247 5.779114e-11
248 3.679022e-11
249 2.269808e-11
250 1.367021e-11
251 8.087986e-12
252 1.195359e-08
253 9.382035e-09
254 7.188954e-09
255 5.378898e-09
256 3.905796e-09
257 2.763398e-09
258 1.943638e-09
259 1.371788e-09
260 9.753040e-10
261 7.038513e-10
262 5.153578e-10
263 3.808745e-10
264 2.812380e-10
265 2.049267e-10
266 1.457837e-10
267 1.004676e-10
268 6.681296e-11
269 4.279865e-11
270 2.654696e-11
271 1.605474e-11
272 9.525886e-12
273 1.284019e-08
274 1.010598e-08
275 7.762321e-09
276 5.823649e-09
277 4.240508e-09
278 3.003276e-09
279 2.111299e-09
280 1.488647e-09
281 1.056555e-09
282 7.607660e-10
283 5.561204e-10
284 4.107051e-10
285 3.034171e-10
286 2.214517e-10
287 1.580124e-10
288 1.092771e-10
289 7.292378e-11
290 4.688692e-11
291 2.916711e-11
292 1.767992e-11
293 1.050815e-11
294 1.350536e-08
295 1.064923e-08
296 8.192326e-09
297 6.157197e-09
298 4.491202e-09
299 3.183679e-09
300 2.236813e-09
301 1.576307e-09
302 1.117397e-09
303 8.034739e-10
304 5.866492e-10
305 4.330380e-10
306 3.199780e-10
307 2.338567e-10
308 1.671550e-10
309 1.158517e-10
310 7.749389e-11
311 4.994352e-11
312 3.113409e-11
313 1.889777e-11
314 1.124232e-11
315 1.404393e-08
316 1.108922e-08
317 8.540744e-09
318 6.426630e-09
319 4.694510e-09
320 3.330145e-09
321 2.339164e-09
322 1.647246e-09
323 1.166726e-09
324 8.381294e-10
325 6.113509e-10
326 4.511194e-10
327 3.334351e-10
328 2.439083e-10
329 1.745578e-10
330 1.212380e-10
331 8.122448e-11
332 5.242932e-11
333 3.272669e-11
334 1.988897e-11
335 1.184114e-11
336 1.451307e-08
337 1.147163e-08
338 8.844414e-09
339 6.662202e-09
340 4.871772e-09
341 3.457372e-09
342 2.428331e-09
343 1.709629e-09
344 1.209954e-09
345 8.683613e-10
346 6.329246e-10
347 4.668568e-10
348 3.451382e-10
349 2.526663e-10
350 1.810396e-10
351 1.258723e-10
352 8.445628e-11
353 5.459869e-11
354 3.411406e-11
355 2.075015e-11
356 1.236192e-11
357 1.495966e-08
358 1.183599e-08
359 9.133026e-09
360 6.886381e-09
361 5.040743e-09
362 3.578426e-09
363 2.512717e-09
364 1.768395e-09
365 1.250671e-09
366 8.970182e-10
367 6.534843e-10
368 4.818667e-10
369 3.563420e-10
370 2.610308e-10
371 1.872034e-10
372 1.303247e-10
373 8.754370e-11
374 5.665200e-11
375 3.543713e-11
376 2.156632e-11
377 1.285457e-11
378 1.547836e-08
379 1.225996e-08
380 9.469139e-09
381 7.146882e-09
382 5.236949e-09
383 3.718773e-09
384 2.610560e-09
385 1.836912e-09
386 1.298443e-09
387 9.305862e-10
388 6.773683e-10
389 4.993943e-10
390 3.693123e-10
391 2.707032e-10
392 1.943671e-10
393 1.354665e-10
394 9.111781e-11
395 5.905217e-11
396 3.697171e-11
397 2.251649e-11
398 1.343188e-11
399 1.441788e-08
400 1.143870e-08
401 8.836726e-09
402 6.674125e-09
403 4.905600e-09
404 3.496349e-09
405 2.454456e-09
406 1.728497e-09
407 1.221510e-09
408 8.743319e-10
409 6.351341e-10
410 4.671308e-10
411 3.447574e-10
412 2.523927e-10
413 1.812209e-10
414 1.264859e-10
415 8.528348e-11
416 5.542364e-11
417 3.482279e-11
418 2.125975e-11
419 1.270674e-11
420 1.692781e-08
421 1.355485e-08
422 1.054466e-08
423 8.018397e-09
424 5.943011e-09
425 4.268376e-09
426 2.998037e-09
427 2.106062e-09
428 1.483590e-09
429 1.055464e-09
430 7.619746e-10
431 5.577042e-10
432 4.110096e-10
433 3.015821e-10
434 2.178248e-10
435 1.533526e-10
436 1.045166e-10
437 6.865020e-11
438 4.354587e-11
439 2.680971e-11
440 1.612436e-11
441 1.867848e-08
442 1.504022e-08
443 1.174804e-08
444 8.966873e-09
445 6.677427e-09
446 4.817300e-09
447 3.387028e-09
448 2.376031e-09
449 1.670965e-09
450 1.184942e-09
451 8.524661e-10
452 6.221518e-10
453 4.579387e-10
454 3.363571e-10
455 2.436708e-10
456 1.723341e-10
457 1.180789e-10
458 7.804339e-11
459 4.978107e-11
460 3.078847e-11
461 1.858709e-11
462 1.999739e-08
463 1.616076e-08
464 1.265681e-08
465 9.682753e-09
466 7.231177e-09
467 5.230807e-09
468 3.681301e-09
469 2.580242e-09
470 1.812590e-09
471 1.282702e-09
472 9.208082e-10
473 6.708219e-10
474 4.932919e-10
475 3.625609e-10
476 2.631623e-10
477 1.866618e-10
478 1.283442e-10
479 8.512740e-11
480 5.448929e-11
481 3.380394e-11
482 2.044767e-11
483 2.107122e-08
484 1.706916e-08
485 1.339329e-08
486 1.026301e-08
487 7.680372e-09
488 5.567761e-09
489 3.919576e-09
490 2.745677e-09
491 1.927657e-09
492 1.361957e-09
493 9.762696e-10
494 7.103029e-10
495 5.221819e-10
496 3.838413e-10
497 2.789200e-10
498 1.982678e-10
499 1.366556e-10
500 9.086827e-11
501 5.830828e-11
502 3.624118e-11
503 2.196123e-11
504 2.200598e-08
505 1.786266e-08
506 1.403742e-08
507 1.077038e-08
508 8.073378e-09
509 5.860026e-09
510 4.127131e-09
511 2.890283e-09
512 2.027908e-09
513 1.431236e-09
514 1.024609e-09
515 7.447530e-10
516 5.471325e-10
517 4.024094e-10
518 2.927406e-10
519 2.084071e-10
520 1.439182e-10
521 9.590004e-11
522 6.162609e-11
523 3.837053e-11
524 2.327529e-11
525 2.288786e-08
526 1.861042e-08
527 1.464451e-08
528 1.124909e-08
529 8.444538e-09
530 6.138300e-09
531 4.324278e-09
532 3.026865e-09
533 2.122856e-09
534 1.496871e-09
535 1.070559e-09
536 7.773390e-10
537 5.708824e-10
538 4.199582e-10
539 3.057673e-10
540 2.180008e-10
541 1.507766e-10
542 1.006540e-10
543 6.479743e-11
544 4.039853e-11
545 2.452390e-11
546 2.392435e-08
547 1.948866e-08
548 1.535645e-08
549 1.181057e-08
550 8.879353e-09
551 6.462354e-09
552 4.554674e-09
553 3.186631e-09
554 2.234016e-09
555 1.573704e-09
556 1.124100e-09
557 8.155478e-10
558 5.986596e-10
559 4.405529e-10
560 3.210584e-10
561 2.291928e-10
562 1.588232e-10
563 1.062092e-10
564 6.848721e-11
565 4.275279e-11
566 2.598625e-11
567 2.062130e-08
568 1.674605e-08
569 1.316239e-08
570 1.009454e-08
571 7.562332e-09
572 5.499673e-09
573 3.881472e-09
574 2.717317e-09
575 1.909255e-09
576 1.347539e-09
577 9.645890e-10
578 7.004072e-10
579 5.138426e-10
580 3.772269e-10
581 2.740437e-10
582 1.949011e-10
583 1.346144e-10
584 8.971929e-11
585 5.773670e-11
586 3.598596e-11
587 2.185452e-11
588 2.336956e-08
589 1.915264e-08
590 1.515699e-08
591 1.168847e-08
592 8.808442e-09
593 6.452316e-09
594 4.576838e-09
595 3.199590e-09
596 2.244367e-09
597 1.577907e-09
598 1.123710e-09
599 8.117495e-10
600 5.933851e-10
601 4.353634e-10
602 3.170277e-10
603 2.266654e-10
604 1.576443e-10
605 1.060318e-10
606 6.881969e-11
607 4.322622e-11
608 2.642210e-11
609 2.547144e-08
610 2.100206e-08
611 1.669701e-08
612 1.291950e-08
613 9.773281e-09
614 7.191180e-09
615 5.118691e-09
616 3.576862e-09
617 2.505901e-09
618 1.757913e-09
619 1.247864e-09
620 8.984291e-10
621 6.553195e-10
622 4.803917e-10
623 3.502841e-10
624 2.511779e-10
625 1.755177e-10
626 1.186402e-10
627 7.743015e-11
628 4.887389e-11
629 2.999398e-11
630 2.718738e-08
631 2.250954e-08
632 1.795273e-08
633 1.392266e-08
634 1.055765e-08
635 7.794181e-09
636 5.559913e-09
637 3.884599e-09
638 2.719474e-09
639 1.904749e-09
640 1.349229e-09
641 9.692617e-10
642 7.056526e-10
643 5.170522e-10
644 3.773361e-10
645 2.711959e-10
646 1.900073e-10
647 1.289221e-10
648 8.445460e-11
649 5.347563e-11
650 3.291025e-11
651 2.868114e-08
652 2.381994e-08
653 1.904898e-08
654 1.479958e-08
655 1.124420e-08
656 8.320525e-09
657 5.944743e-09
658 4.153307e-09
659 2.905630e-09
660 2.033057e-09
661 1.437695e-09
662 1.030990e-09
663 7.496940e-10
664 5.491542e-10
665 4.009983e-10
666 2.885783e-10
667 2.027465e-10
668 1.379165e-10
669 9.058109e-11
670 5.750291e-11
671 3.545147e-11
672 3.009110e-08
673 2.506181e-08
674 2.008445e-08
675 1.562756e-08
676 1.189255e-08
677 8.817642e-09
678 6.309553e-09
679 4.407223e-09
680 3.081926e-09
681 2.154288e-09
682 1.521201e-09
683 1.089367e-09
684 7.912616e-10
685 5.793537e-10
686 4.233711e-10
687 3.051664e-10
688 2.147714e-10
689 1.463996e-10
690 9.635908e-11
691 6.129422e-11
692 3.786223e-11
693 3.175009e-08
694 2.651924e-08
695 2.129662e-08
696 1.659745e-08
697 1.265212e-08
698 9.397843e-09
699 6.736999e-09
700 4.703584e-09
701 3.288192e-09
702 2.296133e-09
703 1.619185e-09
704 1.157716e-09
705 8.399713e-10
706 6.148274e-10
707 4.494836e-10
708 3.244345e-10
709 2.287955e-10
710 1.563568e-10
711 1.031408e-10
712 6.575913e-11
713 4.066933e-11
714 2.711143e-08
715 2.250165e-08
716 1.799575e-08
717 1.397733e-08
718 1.060827e-08
719 7.845842e-09
720 5.615519e-09
721 3.927076e-09
722 2.747779e-09
723 1.924834e-09
724 1.361319e-09
725 9.763172e-10
726 7.094622e-10
727 5.190978e-10
728 3.785095e-10
729 2.720751e-10
730 1.908835e-10
731 1.297967e-10
732 8.522720e-11
733 5.412658e-11
734 3.339262e-11
735 3.010117e-08
736 2.520221e-08
737 2.030145e-08
738 1.585018e-08
739 1.208743e-08
740 8.992963e-09
741 6.478647e-09
742 4.538103e-09
743 3.168550e-09
744 2.216142e-09
745 1.560299e-09
746 1.113653e-09
747 8.059303e-10
748 5.881424e-10
749 4.289459e-10
750 3.091695e-10
751 2.180902e-10
752 1.492813e-10
753 9.877930e-11
754 6.318753e-11
755 3.923497e-11
756 3.255951e-08
757 2.743523e-08
758 2.221017e-08
759 1.740575e-08
760 1.331581e-08
761 9.947094e-09
762 7.196152e-09
763 5.048573e-09
764 3.520372e-09
765 2.459510e-09
766 1.726558e-09
767 1.228385e-09
768 8.861257e-10
769 6.455349e-10
770 4.707735e-10
771 3.399902e-10
772 2.405676e-10
773 1.654429e-10
774 1.100390e-10
775 7.073251e-11
776 4.412002e-11
777 3.470579e-08
778 2.937768e-08
779 2.387797e-08
780 1.876856e-08
781 1.439052e-08
782 1.078114e-08
783 7.823757e-09
784 5.495344e-09
785 3.828442e-09
786 2.672556e-09
787 1.872167e-09
788 1.328777e-09
789 9.564903e-10
790 6.958277e-10
791 5.074064e-10
792 3.668324e-10
793 2.603176e-10
794 1.795917e-10
795 1.198818e-10
796 7.734392e-11
797 4.837524e-11
798 3.674461e-08
799 3.122674e-08
800 2.546304e-08
801 2.005777e-08
802 1.540992e-08
803 1.157345e-08
804 8.420563e-09
805 5.920031e-09
806 4.121184e-09
807 2.875013e-09
808 2.010189e-09
809 1.423966e-09
810 1.023131e-09
811 7.434627e-10
812 5.421814e-10
813 3.924485e-10
814 2.790436e-10
815 1.930439e-10
816 1.292190e-10
817 8.359945e-11
818 5.243193e-11
819 3.912605e-08
820 3.338769e-08
821 2.731236e-08
822 2.156477e-08
823 1.660380e-08
824 1.249638e-08
825 9.116588e-09
826 6.413602e-09
827 4.462247e-09
828 3.110998e-09
829 2.171217e-09
830 1.535135e-09
831 1.100908e-09
832 7.991321e-10
833 5.826889e-10
834 4.222902e-10
835 3.008781e-10
836 2.087473e-10
837 1.401198e-10
838 9.092877e-11
839 5.714933e-11
840 3.399063e-08
841 2.879471e-08
842 2.343145e-08
843 1.843313e-08
844 1.414039e-08
845 1.059435e-08
846 7.700981e-09
847 5.420316e-09
848 3.775201e-09
849 2.636591e-09
850 1.846080e-09
851 1.309688e-09
852 9.419376e-10
853 6.843832e-10
854 4.985001e-10
855 3.601203e-10
856 2.554552e-10
857 1.763203e-10
858 1.177760e-10
859 7.607816e-11
860 4.765832e-11
861 3.729331e-08
862 3.186320e-08
863 2.612340e-08
864 2.067003e-08
865 1.592438e-08
866 1.198969e-08
867 8.768223e-09
868 6.198819e-09
869 4.312336e-09
870 3.008130e-09
871 2.099334e-09
872 1.483143e-09
873 1.061459e-09
874 7.685585e-10
875 5.590044e-10
876 4.043300e-10
877 2.877252e-10
878 1.996691e-10
879 1.342862e-10
880 8.734665e-11
881 5.507347e-11
882 4.020573e-08
883 3.457171e-08
884 2.850450e-08
885 2.265457e-08
886 1.750940e-08
887 1.322834e-08
888 9.717326e-09
889 6.892104e-09
890 4.791731e-09
891 3.339457e-09
892 2.325466e-09
893 1.637535e-09
894 1.168109e-09
895 8.435395e-10
896 6.128201e-10
897 4.434395e-10
898 3.164412e-10
899 2.204208e-10
900 1.489302e-10
901 9.734685e-11
902 6.165221e-11
903 4.296256e-08
904 3.713872e-08
905 3.076390e-08
906 2.453560e-08
907 1.901741e-08
908 1.440760e-08
909 1.061890e-08
910 7.551225e-09
911 5.248232e-09
912 3.654124e-09
913 2.540119e-09
914 1.784239e-09
915 1.269407e-09
916 9.147229e-10
917 6.639181e-10
918 4.807204e-10
919 3.436800e-10
920 2.401450e-10
921 1.628441e-10
922 1.068295e-10
923 6.791786e-11
924 4.618965e-08
925 4.014472e-08
926 3.340870e-08
927 2.673894e-08
928 2.077296e-08
929 1.577943e-08
930 1.167282e-08
931 8.319971e-09
932 5.780517e-09
933 4.022144e-09
934 2.790868e-09
935 1.955680e-09
936 1.387578e-09
937 9.978297e-10
938 7.235579e-10
939 5.242252e-10
940 3.754597e-10
941 2.631771e-10
942 1.790695e-10
943 1.179450e-10
944 7.518595e-11
945 4.148624e-08
946 3.583369e-08
947 2.967925e-08
948 2.367627e-08
949 1.834820e-08
950 1.389293e-08
951 1.023926e-08
952 7.292215e-09
953 5.073411e-09
954 3.531692e-09
955 2.457605e-09
956 1.726428e-09
957 1.227822e-09
958 8.843868e-10
959 6.412672e-10
960 4.638280e-10
961 3.311339e-10
962 2.311845e-10
963 1.567490e-10
964 1.028321e-10
965 6.540104e-11
966 4.527764e-08
967 3.943877e-08
968 3.292774e-08
969 2.644485e-08
970 2.058829e-08
971 1.565482e-08
972 1.160325e-08
973 8.311415e-09
974 5.789425e-09
975 4.022567e-09
976 2.794579e-09
977 1.954434e-09
978 1.383742e-09
979 9.924071e-10
980 7.176232e-10
981 5.186954e-10
982 3.711617e-10
983 2.601922e-10
984 1.773927e-10
985 1.171519e-10
986 7.498492e-11
987 4.889157e-08
988 4.288915e-08
989 3.603868e-08
990 2.909240e-08
991 2.273974e-08
992 1.735103e-08
993 1.291427e-08
994 9.293056e-09
995 6.480449e-09
996 4.495900e-09
997 3.119447e-09
998 2.174306e-09
999 1.533836e-09
1000 1.096257e-09
1001 7.910467e-10
1002 5.715454e-10
1003 4.095491e-10
1004 2.880247e-10
1005 1.972115e-10
1006 1.308930e-10
1007 8.420221e-11
1008 5.311814e-08
1009 4.691658e-08
1010 3.967282e-08
1011 3.218957e-08
1012 2.525223e-08
1013 1.932697e-08
1014 1.444624e-08
1015 1.043813e-08
1016 7.287111e-09
1017 5.049305e-09
1018 3.499274e-09
1019 2.431118e-09
1020 1.709272e-09
1021 1.217755e-09
1022 8.767458e-10
1023 6.332385e-10
1024 4.543654e-10
1025 3.205570e-10
1026 2.203770e-10
1027 1.469683e-10
1028 9.492979e-11
1029 5.004832e-08
1030 4.406480e-08
1031 3.717735e-08
1032 3.012816e-08
1033 2.361844e-08
1034 1.805579e-08
1035 1.347211e-08
1036 9.730950e-09
1037 6.804762e-09
1038 4.715730e-09
1039 3.272401e-09
1040 2.275725e-09
1041 1.601859e-09
1042 1.141865e-09
1043 8.218914e-10
1044 5.928838e-10
1045 4.247209e-10
1046 2.989992e-10
1047 2.052039e-10
1048 1.366174e-10
1049 8.818057e-11
1050 5.470339e-08
1051 4.860385e-08
1052 4.137172e-08
1053 3.378774e-08
1054 2.664145e-08
1055 2.045959e-08
1056 1.534329e-08
1057 1.115582e-08
1058 7.832970e-09
1059 5.419081e-09
1060 3.756182e-09
1061 2.601507e-09
1062 1.822690e-09
1063 1.292556e-09
1064 9.266508e-10
1065 6.671324e-10
1066 4.780908e-10
1067 3.375825e-10
1068 2.328306e-10
1069 1.559803e-10
1070 1.013830e-10
1071 6.016918e-08
1072 5.392996e-08
1073 4.629757e-08
1074 3.808518e-08
1075 3.019839e-08
1076 2.328617e-08
1077 1.754935e-08
1078 1.283533e-08
1079 9.045907e-09
1080 6.251482e-09
1081 4.327494e-09
1082 2.986613e-09
1083 2.083517e-09
1084 1.470553e-09
1085 1.050118e-09
1086 7.546040e-10
1087 5.409219e-10
1088 3.830126e-10
1089 2.652863e-10
1090 1.787884e-10
1091 1.168730e-10
1092 6.063107e-08
1093 5.448739e-08
1094 4.692517e-08
1095 3.874040e-08
1096 3.081086e-08
1097 2.380996e-08
1098 1.796800e-08
1099 1.317776e-08
1100 9.324616e-09
1101 6.448675e-09
1102 4.461082e-09
1103 3.078027e-09
1104 2.142972e-09
1105 1.508717e-09
1106 1.074644e-09
1107 7.703873e-10
1108 5.514580e-10
1109 3.902647e-10
1110 2.705530e-10
1111 1.826478e-10
1112 1.197589e-10
1113 6.775084e-08
1114 6.157986e-08
1115 5.365182e-08
1116 4.477058e-08
1117 3.591914e-08
1118 2.793137e-08
1119 2.120606e-08
1120 1.567350e-08
1121 1.117709e-08
1122 7.738047e-09
1123 5.339084e-09
1124 3.674214e-09
1125 2.542098e-09
1126 1.777613e-09
1127 1.258175e-09
1128 8.979506e-10
1129 6.415597e-10
1130 4.547570e-10
1131 3.166420e-10
1132 2.152135e-10
1133 1.422106e-10
1134 7.748769e-08
1135 7.151366e-08
1136 6.333349e-08
1137 5.372428e-08
1138 4.372723e-08
1139 3.437217e-08
1140 2.631650e-08
1141 1.965138e-08
1142 1.420254e-08
1143 9.904769e-09
1144 6.810114e-09
1145 4.678225e-09
1146 3.208428e-09
1147 2.221936e-09
1148 1.555833e-09
1149 1.100203e-09
1150 7.814089e-10
1151 5.528981e-10
1152 3.862952e-10
1153 2.644753e-10
1154 1.765548e-10
