0 2.442034e-09
1 1.809127e-09
2 1.311432e-09
3 9.375168e-10
4 6.704448e-10
5 4.838490e-10
6 3.532634e-10
7 2.610224e-10
8 1.942614e-10
9 1.444897e-10
10 1.064419e-10
11 7.706158e-11
12 5.444762e-11
13 3.739561e-11
14 2.492021e-11
15 1.612670e-11
16 1.017109e-11
17 6.289628e-12
18 3.838365e-12
19 2.335382e-12
20 1.434061e-12
21 4.099060e-09
22 3.088857e-09
23 2.272975e-09
24 1.634900e-09
25 1.162792e-09
26 8.306435e-10
27 5.990651e-10
28 4.375945e-10
29 3.235513e-10
30 2.407501e-10
31 1.787405e-10
32 1.312509e-10
33 9.455448e-11
34 6.641592e-11
35 4.530944e-11
36 2.998655e-11
37 1.927873e-11
38 1.208642e-11
39 7.432230e-12
40 4.522542e-12
41 2.753998e-12
42 4.716940e-09
43 3.573461e-09
44 2.643308e-09
45 1.909217e-09
46 1.358540e-09
47 9.678265e-10
48 6.956978e-10
49 5.061578e-10
50 3.730213e-10
51 2.771385e-10
52 2.059184e-10
53 1.516835e-10
54 1.097953e-10
55 7.759848e-11
56 5.331534e-11
57 3.553909e-11
58 2.300396e-11
59 1.450263e-11
60 8.951782e-12
61 5.454589e-12
62 3.319559e-12
63 5.060183e-09
64 3.842759e-09
65 2.849824e-09
66 2.062388e-09
67 1.467872e-09
68 1.044511e-09
69 7.497244e-10
70 5.444221e-10
71 4.006128e-10
72 2.974178e-10
73 2.210700e-10
74 1.630537e-10
75 1.182767e-10
76 8.383143e-11
77 5.778232e-11
78 3.864380e-11
79 2.508613e-11
80 1.585701e-11
81 9.804916e-12
82 5.978496e-12
83 3.637385e-12
84 5.291267e-09
85 4.023931e-09
86 2.988339e-09
87 2.164981e-09
88 1.541440e-09
89 1.096101e-09
90 7.860437e-10
91 5.701597e-10
92 4.192150e-10
93 3.110762e-10
94 2.312526e-10
95 1.706734e-10
96 1.239612e-10
97 8.802275e-11
98 6.077925e-11
99 4.072579e-11
100 2.648981e-11
101 1.676665e-11
102 1.037833e-11
103 6.331493e-12
104 3.851475e-12
105 5.464263e-09
106 4.159791e-09
107 3.092289e-09
108 2.242061e-09
109 1.596446e-09
110 1.134860e-09
111 8.132570e-10
112 5.895032e-10
113 4.331066e-10
114 3.213208e-10
115 2.388770e-10
116 1.764196e-10
117 1.282599e-10
118 9.116935e-11
119 6.303453e-11
120 4.229523e-11
121 2.754079e-11
122 1.744987e-11
123 1.080833e-11
124 6.595789e-12
125 4.011946e-12
126 5.604384e-09
127 4.269450e-09
128 3.176345e-09
129 2.304448e-09
130 1.641060e-09
131 1.166041e-09
132 8.353847e-10
133 6.051531e-10
134 4.444310e-10
135 3.296030e-10
136 2.450823e-10
137 1.810491e-10
138 1.317245e-10
139 9.369939e-11
140 6.485515e-11
141 4.356271e-11
142 2.839143e-11
143 1.800341e-11
144 1.115703e-11
145 6.810524e-12
146 4.141937e-12
147 5.728221e-09
148 4.366439e-09
149 3.250811e-09
150 2.359656e-09
151 1.680522e-09
152 1.193693e-09
153 8.546607e-10
154 6.189147e-10
155 4.543419e-10
156 3.368540e-10
157 2.505017e-10
158 1.851279e-10
159 1.347647e-10
160 9.593303e-11
161 6.645394e-11
162 4.466940e-11
163 2.913485e-11
164 1.848687e-11
165 1.146182e-11
166 6.997234e-12
167 4.255549e-12
168 5.844943e-09
169 4.458003e-09
170 3.321063e-09
171 2.411762e-09
172 1.717362e-09
173 1.219746e-09
174 8.730781e-10
175 6.319052e-10
176 4.636771e-10
177 3.437735e-10
178 2.556446e-10
179 1.889556e-10
180 1.376247e-10
181 9.803744e-11
182 6.796705e-11
183 4.571818e-11
184 2.984136e-11
185 1.894472e-11
186 1.175017e-11
187 7.175357e-12
188 4.363220e-12
189 5.978292e-09
190 4.562740e-09
191 3.401705e-09
192 2.471780e-09
193 1.760431e-09
194 1.249825e-09
195 8.942765e-10
196 6.468257e-10
197 4.744712e-10
198 3.517224e-10
199 2.615929e-10
200 1.934684e-10
201 1.409873e-10
202 1.004951e-10
203 6.972299e-11
204 4.693945e-11
205 3.066207e-11
206 1.947846e-11
207 1.208638e-11
208 7.381634e-12
209 4.488435e-12
210 8.350515e-09
211 6.445617e-09
212 4.862143e-09
213 3.573617e-09
214 2.556140e-09
215 1.806727e-09
216 1.284486e-09
217 9.210495e-10
218 6.699795e-10
219 4.939145e-10
220 3.670894e-10
221 2.726067e-10
222 2.004227e-10
223 1.446172e-10
224 1.017803e-10
225 6.958345e-11
226 4.611072e-11
227 2.965267e-11
228 1.857017e-11
229 1.140066e-11
230 6.932075e-12
231 1.054400e-08
232 8.217963e-09
233 6.254783e-09
234 4.647483e-09
235 3.354834e-09
236 2.372212e-09
237 1.678433e-09
238 1.196553e-09
239 8.632863e-10
240 6.321887e-10
241 4.680553e-10
242 3.476377e-10
243 2.567232e-10
244 1.867188e-10
245 1.328345e-10
246 9.190665e-11
247 6.170486e-11
248 4.017974e-11
249 2.542404e-11
250 1.572265e-11
251 9.594515e-12
252 1.184329e-08
253 9.276278e-09
254 7.091030e-09
255 5.292803e-09
256 3.838485e-09
257 2.718337e-09
258 1.919433e-09
259 1.365059e-09
260 9.812888e-10
261 7.160861e-10
262 5.289704e-10
263 3.927543e-10
264 2.904501e-10
265 2.119651e-10
266 1.514373e-10
267 1.053787e-10
268 7.116943e-11
269 4.660939e-11
270 2.964396e-11
271 1.840018e-11
272 1.125176e-11
273 1.272415e-08
274 9.995214e-09
275 7.658535e-09
276 5.731675e-09
277 4.167675e-09
278 2.953734e-09
279 2.083689e-09
280 1.479661e-09
281 1.061567e-09
282 7.732317e-10
283 5.703731e-10
284 4.234613e-10
285 3.133711e-10
286 2.290703e-10
287 1.641136e-10
288 1.145379e-10
289 7.759334e-11
290 5.097744e-11
291 3.250936e-11
292 2.022365e-11
293 1.238338e-11
294 1.338615e-08
295 1.053393e-08
296 8.084094e-09
297 6.061372e-09
298 4.414502e-09
299 3.130180e-09
300 2.206431e-09
301 1.565535e-09
302 1.121552e-09
303 8.159071e-10
304 6.014433e-10
305 4.463937e-10
306 3.305807e-10
307 2.419444e-10
308 1.736038e-10
309 1.213975e-10
310 8.241457e-11
311 5.425562e-11
312 3.466820e-11
313 2.159300e-11
314 1.323065e-11
315 1.392169e-08
316 1.097104e-08
317 8.429197e-09
318 6.327593e-09
319 4.614492e-09
320 3.273607e-09
321 2.306321e-09
322 1.635406e-09
323 1.170358e-09
324 8.506582e-10
325 6.267040e-10
326 4.650616e-10
327 3.444708e-10
328 2.523173e-10
329 1.812841e-10
330 1.269635e-10
331 8.633304e-11
332 5.691832e-11
333 3.641249e-11
334 2.270239e-11
335 1.391861e-11
336 1.438833e-08
337 1.135106e-08
338 8.729863e-09
339 6.559945e-09
340 4.788263e-09
341 3.398587e-09
342 2.393710e-09
343 1.696534e-09
344 1.212981e-09
345 8.811102e-10
346 6.485247e-10
347 4.812319e-10
348 3.566220e-10
349 2.614200e-10
350 1.879765e-10
351 1.318124e-10
352 8.975440e-11
353 5.923805e-11
354 3.793501e-11
355 2.367067e-11
356 1.451785e-11
357 1.483227e-08
358 1.171290e-08
359 9.015737e-09
360 6.781353e-09
361 4.954250e-09
362 3.516504e-09
363 2.476347e-09
364 1.754273e-09
365 1.253294e-09
366 9.097342e-10
367 6.694933e-10
368 4.966507e-10
369 3.682074e-10
370 2.700478e-10
371 1.943647e-10
372 1.364085e-10
373 9.298117e-11
374 6.143465e-11
375 3.937260e-11
376 2.458842e-11
377 1.508683e-11
378 1.534763e-08
379 1.213364e-08
380 9.348713e-09
381 7.038379e-09
382 5.147336e-09
383 3.654947e-09
384 2.572350e-09
385 1.821234e-09
386 1.300668e-09
387 9.431779e-10
388 6.938416e-10
389 5.147151e-10
390 3.816325e-10
391 2.801050e-10
392 2.017597e-10
393 1.417771e-10
394 9.675206e-11
395 6.400596e-11
396 4.106493e-11
397 2.566104e-11
398 1.575013e-11
399 1.429566e-08
400 1.132142e-08
401 8.725423e-09
402 6.575400e-09
403 4.824155e-09
404 3.437607e-09
405 2.419318e-09
406 1.713886e-09
407 1.222914e-09
408 8.854961e-10
409 6.498408e-10
410 4.811010e-10
411 3.562314e-10
412 2.612422e-10
413 1.882748e-10
414 1.324066e-10
415 9.051240e-11
416 6.003301e-11
417 3.862468e-11
418 2.420601e-11
419 1.489226e-11
420 1.679503e-08
421 1.342589e-08
422 1.042238e-08
423 7.905570e-09
424 5.848233e-09
425 4.197140e-09
426 2.952389e-09
427 2.083495e-09
428 1.479857e-09
429 1.064753e-09
430 7.773788e-10
431 5.736802e-10
432 4.246100e-10
433 3.123556e-10
434 2.263088e-10
435 1.603526e-10
436 1.106279e-10
437 7.407269e-11
438 4.809614e-11
439 3.037782e-11
440 1.879364e-11
441 1.853718e-08
442 1.490346e-08
443 1.161726e-08
444 8.844998e-09
445 6.574075e-09
446 4.736894e-09
447 3.334400e-09
448 2.347803e-09
449 1.663991e-09
450 1.192953e-09
451 8.681746e-10
452 6.394100e-10
453 4.731034e-10
454 3.484466e-10
455 2.531645e-10
456 1.801482e-10
457 1.248458e-10
458 8.402740e-11
459 5.484496e-11
460 3.479230e-11
461 2.159885e-11
462 1.984976e-08
463 1.601784e-08
464 1.251793e-08
465 9.554843e-09
466 7.119904e-09
467 5.144143e-09
468 3.622306e-09
469 2.547693e-09
470 1.803033e-09
471 1.289734e-09
472 9.366521e-10
473 6.888717e-10
474 5.096623e-10
475 3.756700e-10
476 2.734119e-10
477 1.950405e-10
478 1.355910e-10
479 9.154574e-11
480 5.994360e-11
481 3.813189e-11
482 2.371858e-11
483 2.091897e-08
484 1.692114e-08
485 1.325094e-08
486 1.013032e-08
487 7.563510e-09
488 5.475155e-09
489 3.856159e-09
490 2.710008e-09
491 1.915807e-09
492 1.368196e-09
493 9.923550e-10
494 7.291938e-10
495 5.392216e-10
496 3.976813e-10
497 2.898746e-10
498 2.071522e-10
499 1.442931e-10
500 9.764683e-11
501 6.407405e-11
502 4.084034e-11
503 2.543714e-11
504 2.184928e-08
505 1.770985e-08
506 1.389094e-08
507 1.063305e-08
508 7.951554e-09
509 5.762281e-09
510 4.060193e-09
511 2.851432e-09
512 2.014374e-09
513 1.436554e-09
514 1.040959e-09
515 7.642331e-10
516 5.650955e-10
517 4.169936e-10
518 3.042238e-10
519 2.176622e-10
520 1.519052e-10
521 1.029724e-10
522 6.768237e-11
523 4.320446e-11
524 2.693821e-11
525 2.272789e-08
526 1.845478e-08
527 1.449342e-08
528 1.110733e-08
529 8.317758e-09
530 6.036201e-09
531 4.252675e-09
532 2.985452e-09
533 2.107526e-09
534 1.501751e-09
535 1.086809e-09
536 7.974476e-10
537 5.896394e-10
538 4.351990e-10
539 3.177739e-10
540 2.276602e-10
541 1.591142e-10
542 1.080296e-10
543 7.109495e-11
544 4.544219e-11
545 2.836394e-11
546 2.375814e-08
547 1.932840e-08
548 1.520160e-08
549 1.166292e-08
550 8.746148e-09
551 6.355387e-09
552 4.479258e-09
553 3.142424e-09
554 2.216518e-09
555 1.577588e-09
556 1.140680e-09
557 8.364201e-10
558 6.181955e-10
559 4.565811e-10
560 3.336615e-10
561 2.393620e-10
562 1.675239e-10
563 1.139120e-10
564 7.509792e-11
565 4.806013e-11
566 3.002334e-11
567 2.047244e-08
568 1.660189e-08
569 1.302469e-08
570 9.965189e-09
571 7.449820e-09
572 5.410264e-09
573 3.819955e-09
574 2.682581e-09
575 1.896935e-09
576 1.352566e-09
577 9.794449e-10
578 7.184022e-10
579 5.304365e-10
580 3.909234e-10
581 2.848356e-10
582 2.036738e-10
583 1.421020e-10
584 9.636377e-11
585 6.338090e-11
586 4.050898e-11
587 2.529562e-11
588 2.320984e-08
589 1.899791e-08
590 1.500813e-08
591 1.154746e-08
592 8.683292e-09
593 6.350238e-09
594 4.504101e-09
595 3.155501e-09
596 2.225770e-09
597 1.579369e-09
598 1.137691e-09
599 8.309411e-10
600 6.120958e-10
601 4.511451e-10
602 3.296716e-10
603 2.368363e-10
604 1.662606e-10
605 1.135797e-10
606 7.529344e-11
607 4.847774e-11
608 3.045875e-11
609 2.530223e-08
610 2.083897e-08
611 1.654271e-08
612 1.276861e-08
613 9.639131e-09
614 7.079720e-09
615 5.036190e-09
616 3.525681e-09
617 2.482147e-09
618 1.756547e-09
619 1.261070e-09
620 9.181923e-10
621 6.755078e-10
622 4.977840e-10
623 3.642890e-10
624 2.624673e-10
625 1.850007e-10
626 1.269261e-10
627 8.454780e-11
628 5.468300e-11
629 3.448900e-11
630 2.701245e-08
631 2.233643e-08
632 1.779182e-08
633 1.376735e-08
634 1.041642e-08
635 7.674188e-09
636 5.470561e-09
637 3.827869e-09
638 2.691300e-09
639 1.901001e-09
640 1.361720e-09
641 9.896039e-10
642 7.269654e-10
643 5.357835e-10
644 3.925097e-10
645 2.833409e-10
646 2.002185e-10
647 1.377894e-10
648 9.207329e-11
649 5.973673e-11
650 3.777302e-11
651 2.850092e-08
652 2.364503e-08
653 1.887953e-08
654 1.463777e-08
655 1.109606e-08
656 8.193340e-09
657 5.850014e-09
658 4.091551e-09
659 2.874141e-09
660 2.027202e-09
661 1.449462e-09
662 1.051842e-09
663 7.720579e-10
664 5.689590e-10
665 4.171172e-10
666 3.015244e-10
667 2.134874e-10
668 1.472981e-10
669 9.865439e-11
670 6.415288e-11
671 4.063792e-11
672 2.990491e-08
673 2.488140e-08
674 1.990890e-08
675 1.546060e-08
676 1.173898e-08
677 8.685631e-09
678 6.208410e-09
679 4.341053e-09
680 3.046694e-09
681 2.146567e-09
682 1.532610e-09
683 1.110713e-09
684 8.147235e-10
685 6.003435e-10
686 4.404136e-10
687 3.188418e-10
688 2.261102e-10
689 1.562895e-10
690 1.048603e-10
691 6.832043e-11
692 4.336279e-11
693 3.155912e-08
694 2.633130e-08
695 2.111364e-08
696 1.642310e-08
697 1.248982e-08
698 9.258532e-09
699 6.628668e-09
700 4.632568e-09
701 3.249057e-09
702 2.286152e-09
703 1.629736e-09
704 1.179508e-09
705 8.644990e-10
706 6.369924e-10
707 4.677172e-10
708 3.389706e-10
709 2.408205e-10
710 1.667723e-10
711 1.121550e-10
712 7.321522e-11
713 4.653105e-11
714 2.693822e-08
715 2.233339e-08
716 1.783354e-08
717 1.382261e-08
718 1.046844e-08
719 7.728051e-09
720 5.527192e-09
721 3.870375e-09
722 2.719446e-09
723 1.919874e-09
724 1.372826e-09
725 9.959705e-10
726 7.303874e-10
727 5.377019e-10
728 3.937562e-10
729 2.843361e-10
730 2.011067e-10
731 1.386543e-10
732 9.285476e-11
733 6.039080e-11
734 3.829010e-11
735 2.991723e-08
736 2.502330e-08
737 2.012907e-08
738 1.568741e-08
739 1.193745e-08
740 8.863448e-09
741 6.377836e-09
742 4.471798e-09
743 3.132611e-09
744 2.206179e-09
745 1.569365e-09
746 1.133142e-09
747 8.284818e-10
748 6.089093e-10
749 4.462439e-10
750 3.231577e-10
751 2.296644e-10
752 1.592444e-10
753 1.073414e-10
754 7.028480e-11
755 4.483102e-11
756 3.236639e-08
757 2.724738e-08
758 2.202898e-08
759 1.723321e-08
760 1.315629e-08
761 9.807396e-09
762 7.086204e-09
763 4.974014e-09
764 3.477964e-09
765 2.445384e-09
766 1.733656e-09
767 1.247919e-09
768 9.097601e-10
769 6.680808e-10
770 4.897767e-10
771 3.553648e-10
772 2.533000e-10
773 1.763303e-10
774 1.193673e-10
775 7.851806e-11
776 5.028697e-11
777 3.450621e-08
778 2.918308e-08
779 2.368980e-08
780 1.858829e-08
781 1.422288e-08
782 1.063240e-08
783 7.706085e-09
784 5.413197e-09
785 3.780812e-09
786 2.654643e-09
787 1.877227e-09
788 1.348217e-09
789 9.812109e-10
790 7.198292e-10
791 5.279022e-10
792 3.836047e-10
793 2.739516e-10
794 1.912587e-10
795 1.299108e-10
796 8.571268e-11
797 5.505700e-11
798 3.653203e-08
799 3.102519e-08
800 2.526741e-08
801 1.987113e-08
802 1.523637e-08
803 1.141816e-08
804 8.294425e-09
805 5.831657e-09
806 4.067976e-09
807 2.853714e-09
808 2.013959e-09
809 1.443309e-09
810 1.049005e-09
811 7.690109e-10
812 5.640781e-10
813 4.103309e-10
814 2.936215e-10
815 2.054143e-10
816 1.398751e-10
817 9.253937e-11
818 5.959019e-11
819 3.890871e-08
820 3.317762e-08
821 2.710942e-08
822 2.137203e-08
823 1.641714e-08
824 1.233175e-08
825 8.980978e-09
826 6.318111e-09
827 4.403187e-09
828 3.085422e-09
829 2.172967e-09
830 1.554390e-09
831 1.127856e-09
832 8.262651e-10
833 6.062514e-10
834 4.414865e-10
835 3.164779e-10
836 2.219984e-10
837 1.515237e-10
838 1.005204e-10
839 6.487605e-11
840 3.379372e-08
841 2.860314e-08
842 2.324683e-08
843 1.825683e-08
844 1.397698e-08
845 1.045099e-08
846 7.586107e-09
847 5.340938e-09
848 3.729043e-09
849 2.619395e-09
850 1.851172e-09
851 1.328451e-09
852 9.658002e-10
853 7.077192e-10
854 5.185517e-10
855 3.765427e-10
856 2.689227e-10
857 1.877372e-10
858 1.276074e-10
859 8.428539e-11
860 5.421680e-11
861 3.708576e-08
862 3.166315e-08
863 2.592815e-08
864 2.048385e-08
865 1.575081e-08
866 1.183459e-08
867 8.642055e-09
868 6.108928e-09
869 4.257684e-09
870 2.984810e-09
871 2.100630e-09
872 1.500513e-09
873 1.086182e-09
874 7.939741e-10
875 5.813892e-10
876 4.227349e-10
877 3.028921e-10
878 2.124705e-10
879 1.451969e-10
880 9.650449e-11
881 6.244585e-11
882 3.998376e-08
883 3.435735e-08
884 2.830083e-08
885 2.246071e-08
886 1.732657e-08
887 1.306332e-08
888 9.581585e-09
889 6.792658e-09
890 4.730182e-09
891 3.310198e-09
892 2.323490e-09
893 1.654029e-09
894 1.193733e-09
895 8.706692e-10
896 6.371839e-10
897 4.638250e-10
898 3.329980e-10
899 2.343684e-10
900 1.608350e-10
901 1.073323e-10
902 6.977016e-11
903 4.273208e-08
904 3.691966e-08
905 3.055166e-08
906 2.433320e-08
907 1.882348e-08
908 1.423276e-08
909 1.047328e-08
910 7.443991e-09
911 5.179170e-09
912 3.620409e-09
913 2.535579e-09
914 1.799797e-09
915 1.295733e-09
916 9.436132e-10
917 6.901792e-10
918 5.027562e-10
919 3.616260e-10
920 2.551483e-10
921 1.756364e-10
922 1.176373e-10
923 7.672030e-11
924 4.595179e-08
925 3.991460e-08
926 3.318684e-08
927 2.652609e-08
928 2.057094e-08
929 1.559545e-08
930 1.151518e-08
931 8.202682e-09
932 5.703558e-09
933 3.981769e-09
934 2.782744e-09
935 1.970247e-09
936 1.414855e-09
937 1.028594e-09
938 7.521393e-10
939 5.482610e-10
940 3.950229e-10
941 2.794765e-10
942 1.929562e-10
943 1.296654e-10
944 8.482632e-11
945 4.126660e-08
946 3.561911e-08
947 2.946926e-08
948 2.347887e-08
949 1.816307e-08
950 1.372532e-08
951 1.009968e-08
952 7.189172e-09
953 5.008647e-09
954 3.500077e-09
955 2.453695e-09
956 1.741645e-09
957 1.253121e-09
958 9.121484e-10
959 6.664976e-10
960 4.849643e-10
961 3.485718e-10
962 2.457785e-10
963 1.691006e-10
964 1.132525e-10
965 7.386585e-11
966 4.504130e-08
967 3.921331e-08
968 3.271580e-08
969 2.623669e-08
970 2.039292e-08
971 1.547627e-08
972 1.145263e-08
973 8.197213e-09
974 5.715657e-09
975 3.983595e-09
976 2.785991e-09
977 1.967646e-09
978 1.409318e-09
979 1.021796e-09
980 7.453136e-10
981 5.424581e-10
982 3.906456e-10
983 2.764236e-10
984 1.910976e-10
985 1.286995e-10
986 8.445911e-11
987 4.864517e-08
988 4.265428e-08
989 3.581152e-08
990 2.887635e-08
991 2.253498e-08
992 1.716240e-08
993 1.275252e-08
994 9.168965e-09
995 6.397297e-09
996 4.450750e-09
997 3.106531e-09
998 2.185513e-09
999 1.559584e-09
1000 1.127466e-09
1001 8.210863e-10
1002 5.975863e-10
1003 4.309958e-10
1004 3.058057e-10
1005 2.122472e-10
1006 1.435505e-10
1007 9.462986e-11
1008 5.286238e-08
1009 4.666401e-08
1010 3.943418e-08
1011 3.195742e-08
1012 2.503452e-08
1013 1.912711e-08
1014 1.427063e-08
1015 1.030212e-08
1016 7.193844e-09
1017 4.995968e-09
1018 3.481075e-09
1019 2.440119e-09
1020 1.735376e-09
1021 1.250864e-09
1022 9.096300e-10
1023 6.619256e-10
1024 4.780688e-10
1025 3.401933e-10
1026 2.369186e-10
1027 1.609031e-10
1028 1.065006e-10
1029 4.979906e-08
1030 4.382652e-08
1031 3.694789e-08
1032 2.990878e-08
1033 2.341200e-08
1034 1.786560e-08
1035 1.330870e-08
1036 9.603792e-09
1037 6.719875e-09
1038 4.668363e-09
1039 3.257520e-09
1040 2.285764e-09
1041 1.627024e-09
1042 1.172993e-09
1043 8.524898e-10
1044 6.197798e-10
1045 4.469864e-10
1046 3.174780e-10
1047 2.207134e-10
1048 1.496779e-10
1049 9.896984e-11
1050 5.444198e-08
1051 4.835450e-08
1052 4.113082e-08
1053 3.355913e-08
1054 2.642502e-08
1055 2.025856e-08
1056 1.516799e-08
1057 1.101741e-08
1058 7.736926e-09
1059 5.363865e-09
1060 3.735534e-09
1061 2.608585e-09
1062 1.847265e-09
1063 1.325346e-09
1064 9.599619e-10
1065 6.969704e-10
1066 5.030539e-10
1067 3.582440e-10
1068 2.501598e-10
1069 1.705589e-10
1070 1.134337e-10
1071 5.989642e-08
1072 5.366448e-08
1073 4.603802e-08
1074 3.784143e-08
1075 2.996751e-08
1076 2.307341e-08
1077 1.735920e-08
1078 1.268347e-08
1079 8.937888e-09
1080 6.186418e-09
1081 4.299848e-09
1082 2.990008e-09
1083 2.107571e-09
1084 1.505083e-09
1085 1.086632e-09
1086 7.878633e-10
1087 5.690049e-10
1088 4.062869e-10
1089 2.847840e-10
1090 1.951025e-10
1091 1.304617e-10
1092 6.036028e-08
1093 5.422393e-08
1094 4.667089e-08
1095 3.849925e-08
1096 3.058310e-08
1097 2.359747e-08
1098 1.778040e-08
1099 1.302638e-08
1100 9.216919e-09
1101 6.383981e-09
1102 4.432684e-09
1103 3.080674e-09
1104 2.166192e-09
1105 1.542800e-09
1106 1.110979e-09
1107 8.039408e-10
1108 5.799742e-10
1109 4.140126e-10
1110 2.903501e-10
1111 1.992214e-10
1112 1.335021e-10
1113 6.746581e-08
1114 6.129649e-08
1115 5.337620e-08
1116 4.451255e-08
1117 3.567471e-08
1118 2.770565e-08
1119 2.100266e-08
1120 1.550750e-08
1121 1.105545e-08
1122 7.662434e-09
1123 5.303389e-09
1124 3.672217e-09
1125 2.564017e-09
1126 1.813142e-09
1127 1.298033e-09
1128 9.357611e-10
1129 6.743190e-10
1130 4.820437e-10
1131 3.394065e-10
1132 2.342092e-10
1133 1.580435e-10
1134 7.717798e-08
1135 7.121005e-08
1136 6.304288e-08
1137 5.344906e-08
1138 4.346829e-08
1139 3.413332e-08
1140 2.609928e-08
1141 1.947083e-08
1142 1.406599e-08
1143 9.817926e-09
1144 6.765786e-09
1145 4.670786e-09
1146 3.228409e-09
1147 2.258952e-09
1148 1.599775e-09
1149 1.143458e-09
1150 8.199899e-10
1151 5.856018e-10
1152 4.134581e-10
1153 2.870000e-10
1154 1.953165e-10
