0 2.462391e-09
1 1.825785e-09
2 1.322416e-09
3 9.423751e-10
4 6.695162e-10
5 4.787308e-10
6 3.459681e-10
7 2.535792e-10
8 1.880496e-10
9 1.400705e-10
10 1.037846e-10
11 7.571439e-11
12 5.396314e-11
13 3.736868e-11
14 2.507702e-11
15 1.630424e-11
16 1.028529e-11
17 6.319771e-12
18 3.798421e-12
19 2.241341e-12
20 1.300239e-12
21 4.128854e-09
22 3.116182e-09
23 2.295055e-09
24 1.649126e-09
25 1.168618e-09
26 8.288637e-10
27 5.919311e-10
28 4.278867e-10
29 3.139301e-10
30 2.328958e-10
31 1.733442e-10
32 1.280806e-10
33 9.300636e-11
34 6.586678e-11
35 4.526380e-11
36 3.011841e-11
37 1.940064e-11
38 1.213356e-11
39 7.400620e-12
40 4.423401e-12
41 2.596704e-12
42 4.749459e-09
43 3.603862e-09
44 2.668953e-09
45 1.926727e-09
46 1.367196e-09
47 9.679400e-10
48 6.893381e-10
49 4.962120e-10
50 3.625086e-10
51 2.681744e-10
52 1.995064e-10
53 1.477404e-10
54 1.077583e-10
55 7.677885e-11
56 5.314596e-11
57 3.561536e-11
58 2.310499e-11
59 1.454061e-11
60 8.916438e-12
61 5.352093e-12
62 3.153939e-12
63 5.094382e-09
64 3.875070e-09
65 2.877164e-09
66 2.081794e-09
67 1.478038e-09
68 1.045678e-09
69 7.437990e-10
70 5.344151e-10
71 3.896797e-10
72 2.878951e-10
73 2.141072e-10
74 1.586719e-10
75 1.159757e-10
76 8.286865e-11
77 5.754465e-11
78 3.869048e-11
79 2.517960e-11
80 1.588866e-11
81 9.763865e-12
82 5.873540e-12
83 3.466857e-12
84 5.326130e-09
85 4.057111e-09
86 3.017121e-09
87 2.185873e-09
88 1.552596e-09
89 1.097953e-09
90 7.804097e-10
91 5.600808e-10
92 4.079452e-10
93 3.011461e-10
94 2.238972e-10
95 1.660379e-10
96 1.214929e-10
97 8.694396e-11
98 6.048902e-11
99 4.075228e-11
100 2.656829e-11
101 1.679480e-11
102 1.033478e-11
103 6.223373e-12
104 3.677391e-12
105 5.500062e-09
106 4.193990e-09
107 3.122082e-09
108 2.263780e-09
109 1.608289e-09
110 1.137196e-09
111 8.078231e-10
112 5.793410e-10
113 4.216393e-10
114 3.110597e-10
115 2.312526e-10
116 1.715427e-10
117 1.256201e-10
118 9.000478e-11
119 6.269362e-11
120 4.230021e-11
121 2.761563e-11
122 1.747674e-11
123 1.076323e-11
124 6.486505e-12
125 3.835337e-12
126 5.640680e-09
127 4.304360e-09
128 3.206793e-09
129 2.327150e-09
130 1.653672e-09
131 1.168902e-09
132 8.301216e-10
133 5.949683e-10
134 4.327437e-10
135 3.191285e-10
136 2.372368e-10
137 1.760284e-10
138 1.289965e-10
139 9.249369e-11
140 6.449756e-11
141 4.355700e-11
142 2.846614e-11
143 1.802714e-11
144 1.111035e-11
145 6.699788e-12
146 3.963632e-12
147 5.764942e-09
148 4.401827e-09
149 3.282200e-09
150 2.382771e-09
151 1.693628e-09
152 1.196878e-09
153 8.495746e-10
154 6.086218e-10
155 4.424868e-10
156 3.261572e-10
157 2.424562e-10
158 1.799468e-10
159 1.319296e-10
160 9.468589e-11
161 6.607012e-11
162 4.465622e-11
163 2.921062e-11
164 1.851051e-11
165 1.141422e-11
166 6.885375e-12
167 4.075778e-12
168 5.882365e-09
169 4.494065e-09
170 3.352829e-09
171 2.435523e-09
172 1.731294e-09
173 1.223154e-09
174 8.680082e-10
175 6.216639e-10
176 4.516855e-10
177 3.328385e-10
178 2.474201e-10
179 1.836714e-10
180 1.347118e-10
181 9.674321e-11
182 6.755743e-11
183 4.570121e-11
184 2.991032e-11
185 1.896353e-11
186 1.170122e-11
187 7.062064e-12
188 4.181268e-12
189 6.016243e-09
190 4.599485e-09
191 3.433947e-09
192 2.496092e-09
193 1.774620e-09
194 1.253798e-09
195 8.895005e-10
196 6.366047e-10
197 4.623792e-10
198 3.405999e-10
199 2.531174e-10
200 1.879713e-10
201 1.379148e-10
202 9.913532e-11
203 6.928097e-11
204 4.690508e-11
205 3.072408e-11
206 1.949924e-11
207 1.203626e-11
208 7.267706e-12
209 4.304514e-12
210 8.396711e-09
211 6.491262e-09
212 4.905816e-09
213 3.610499e-09
214 2.581691e-09
215 1.819380e-09
216 1.284893e-09
217 9.121299e-10
218 6.560195e-10
219 4.794620e-10
220 3.548738e-10
221 2.640334e-10
222 1.952228e-10
223 1.420029e-10
224 1.006957e-10
225 6.923920e-11
226 4.602418e-11
227 2.958703e-11
228 1.846192e-11
229 1.124207e-11
230 6.711957e-12
231 1.059447e-08
232 8.270449e-09
233 6.306613e-09
234 4.693708e-09
235 3.390160e-09
236 2.393410e-09
237 1.685015e-09
238 1.190865e-09
239 8.495970e-10
240 6.156276e-10
241 4.528695e-10
242 3.362270e-10
243 2.493411e-10
244 1.826496e-10
245 1.309146e-10
246 9.116514e-11
247 6.141131e-11
248 3.997665e-11
249 2.521166e-11
250 1.548715e-11
251 9.314397e-12
252 1.189769e-08
253 9.332396e-09
254 7.146832e-09
255 5.344919e-09
256 3.879789e-09
257 2.744290e-09
258 1.929912e-09
259 1.361614e-09
260 9.680596e-10
261 6.986760e-10
262 5.122762e-10
263 3.797174e-10
264 2.817212e-10
265 2.069665e-10
266 1.490334e-10
267 1.043602e-10
268 7.073092e-11
269 4.630280e-11
270 2.935668e-11
271 1.810932e-11
272 1.093064e-11
273 1.278133e-08
274 1.005350e-08
275 7.717566e-09
276 5.787344e-09
277 4.212571e-09
278 2.982697e-09
279 2.096341e-09
280 1.477766e-09
281 1.048603e-09
282 7.553262e-10
283 5.528059e-10
284 4.092708e-10
285 3.037502e-10
286 2.234664e-10
287 1.613301e-10
288 1.133311e-10
289 7.706062e-11
290 5.062171e-11
291 3.218180e-11
292 1.989824e-11
293 1.203471e-11
294 1.344431e-08
295 1.059457e-08
296 8.145569e-09
297 6.119182e-09
298 4.461923e-09
299 3.162045e-09
300 2.221009e-09
301 1.564796e-09
302 1.109050e-09
303 7.976151e-10
304 5.830394e-10
305 4.313993e-10
306 3.202367e-10
307 2.358735e-10
308 1.705398e-10
309 1.200558e-10
310 8.181102e-11
311 5.385414e-11
312 3.430044e-11
313 2.123787e-11
314 1.285973e-11
315 1.398108e-08
316 1.103279e-08
317 8.492354e-09
318 6.387173e-09
319 4.664066e-09
320 3.307701e-09
321 2.322753e-09
322 1.635566e-09
323 1.158035e-09
324 8.320328e-10
325 6.075223e-10
326 4.493640e-10
327 3.336479e-10
328 2.458762e-10
329 1.780058e-10
330 1.254966e-10
331 8.565639e-11
332 5.647243e-11
333 3.601216e-11
334 2.232246e-11
335 1.353291e-11
336 1.444867e-08
337 1.141370e-08
338 8.794623e-09
339 6.621499e-09
340 4.840336e-09
341 3.434126e-09
342 2.411411e-09
343 1.697268e-09
344 1.200961e-09
345 8.620750e-10
346 6.289355e-10
347 4.649749e-10
348 3.452888e-10
349 2.546373e-10
350 1.845073e-10
351 1.302378e-10
352 8.900688e-11
353 5.875301e-11
354 3.751452e-11
355 2.327187e-11
356 1.411674e-11
357 1.489378e-08
358 1.177663e-08
359 9.081937e-09
360 6.844535e-09
361 5.008340e-09
362 3.554335e-09
363 2.495214e-09
364 1.755575e-09
365 1.241413e-09
366 8.905117e-10
367 6.493383e-10
368 4.799116e-10
369 3.563977e-10
370 2.629674e-10
371 1.906937e-10
372 1.347578e-10
373 9.219430e-11
374 6.092184e-11
375 3.893597e-11
376 2.417278e-11
377 1.467106e-11
378 1.541077e-08
379 1.219892e-08
380 9.416430e-09
381 7.103664e-09
382 5.203481e-09
383 3.694017e-09
384 2.592732e-09
385 1.823274e-09
386 1.288876e-09
387 9.238133e-10
388 6.730660e-10
389 4.972205e-10
390 3.693099e-10
391 2.726666e-10
392 1.979231e-10
393 1.400129e-10
394 9.590660e-11
395 6.344973e-11
396 4.058390e-11
397 2.521768e-11
398 1.531708e-11
399 1.435525e-08
400 1.138220e-08
401 8.788045e-09
402 6.634173e-09
403 4.874494e-09
404 3.473191e-09
405 2.437675e-09
406 1.715996e-09
407 1.212386e-09
408 8.681687e-10
409 6.312683e-10
410 4.653031e-10
411 3.448309e-10
412 2.542615e-10
413 1.845437e-10
414 1.306960e-10
415 8.972975e-11
416 5.949768e-11
417 3.816204e-11
418 2.376523e-11
419 1.446130e-11
420 1.685854e-08
421 1.349160e-08
422 1.048945e-08
423 7.972422e-09
424 5.906721e-09
425 4.241185e-09
426 2.978234e-09
427 2.091623e-09
428 1.472885e-09
429 1.048092e-09
430 7.572174e-10
431 5.552876e-10
432 4.106566e-10
433 3.033158e-10
434 2.212933e-10
435 1.579066e-10
436 1.094050e-10
437 7.327129e-11
438 4.742958e-11
439 2.977540e-11
440 1.823948e-11
441 1.860474e-08
442 1.497237e-08
443 1.168838e-08
444 8.916821e-09
445 6.637582e-09
446 4.787266e-09
447 3.365419e-09
448 2.360126e-09
449 1.659302e-09
450 1.176544e-09
451 8.470957e-10
452 6.192858e-10
453 4.574009e-10
454 3.379972e-10
455 2.471990e-10
456 1.771005e-10
457 1.233282e-10
458 8.303862e-11
459 5.403919e-11
460 3.407488e-11
461 2.095490e-11
462 1.992025e-08
463 1.608939e-08
464 1.259377e-08
465 9.629657e-09
466 7.188859e-09
467 5.198620e-09
468 3.657203e-09
469 2.563121e-09
470 1.800095e-09
471 1.273816e-09
472 9.149872e-10
473 6.675547e-10
474 4.925585e-10
475 3.641046e-10
476 2.666817e-10
477 1.915744e-10
478 1.338172e-10
479 9.041068e-11
480 5.902748e-11
481 3.732435e-11
482 2.300932e-11
483 2.099128e-08
484 1.699495e-08
485 1.332751e-08
486 1.020737e-08
487 7.635759e-09
488 5.533218e-09
489 3.894792e-09
490 2.727720e-09
491 1.914328e-09
492 1.352615e-09
493 9.700621e-10
494 7.068398e-10
495 5.211892e-10
496 3.853357e-10
497 2.825341e-10
498 2.033271e-10
499 1.423429e-10
500 9.640291e-11
501 6.307131e-11
502 3.995704e-11
503 2.467631e-11
504 2.192363e-08
505 1.778599e-08
506 1.396927e-08
507 1.071296e-08
508 8.026698e-09
509 5.824559e-09
510 4.101225e-09
511 2.871485e-09
512 2.014078e-09
513 1.421402e-09
514 1.018004e-09
515 7.410272e-10
516 5.461087e-10
517 4.037906e-10
518 2.963605e-10
519 2.135708e-10
520 1.497800e-10
521 1.016215e-10
522 6.660073e-11
523 4.226164e-11
524 2.612819e-11
525 2.280325e-08
526 1.853148e-08
527 1.457413e-08
528 1.118923e-08
529 8.397012e-09
530 6.101378e-09
531 4.297263e-09
532 3.007214e-09
533 2.108429e-09
534 1.486679e-09
535 1.063556e-09
536 7.733554e-10
537 5.696734e-10
538 4.213138e-10
539 3.094145e-10
540 2.232740e-10
541 1.568137e-10
542 1.065634e-10
543 6.994692e-11
544 4.443945e-11
545 2.750799e-11
546 2.383706e-08
547 1.940696e-08
548 1.528337e-08
549 1.174829e-08
550 8.828239e-09
551 6.423839e-09
552 4.526542e-09
553 3.166599e-09
554 2.219277e-09
555 1.562944e-09
556 1.116902e-09
557 8.112970e-10
558 5.973021e-10
559 4.418285e-10
560 3.247503e-10
561 2.346130e-10
562 1.650311e-10
563 1.123561e-10
564 7.386025e-11
565 4.698889e-11
566 2.911689e-11
567 2.054361e-08
568 1.667395e-08
569 1.309844e-08
570 1.004040e-08
571 7.518811e-09
572 5.466194e-09
573 3.857178e-09
574 2.699599e-09
575 1.896463e-09
576 1.338407e-09
577 9.585447e-10
578 6.971191e-10
579 5.129269e-10
580 3.787280e-10
581 2.775978e-10
582 1.998312e-10
583 1.401099e-10
584 9.509769e-11
585 6.237927e-11
586 3.962576e-11
587 2.452344e-11
588 2.328601e-08
589 1.907430e-08
590 1.508925e-08
591 1.162850e-08
592 8.759714e-09
593 6.414348e-09
594 4.548898e-09
595 3.179639e-09
596 2.229884e-09
597 1.567364e-09
598 1.116713e-09
599 8.077625e-10
600 5.921344e-10
601 4.365835e-10
602 3.205641e-10
603 2.318452e-10
604 1.636206e-10
605 1.119236e-10
606 7.402036e-11
607 4.737367e-11
608 2.951054e-11
609 2.538355e-08
610 2.091899e-08
611 1.662216e-08
612 1.285512e-08
613 9.720636e-09
614 7.149783e-09
615 5.088060e-09
616 3.554883e-09
617 2.489965e-09
618 1.746389e-09
619 1.240165e-09
620 8.938690e-10
621 6.535743e-10
622 4.814454e-10
623 3.538371e-10
624 2.565931e-10
625 1.818241e-10
626 1.249749e-10
627 8.305480e-11
628 5.340870e-11
629 3.340800e-11
630 2.709581e-08
631 2.242263e-08
632 1.787403e-08
633 1.385461e-08
634 1.050125e-08
635 7.750572e-09
636 5.527522e-09
637 3.860969e-09
638 2.702102e-09
639 1.892540e-09
640 1.340921e-09
641 9.643327e-10
642 7.037441e-10
643 5.180967e-10
644 3.809178e-10
645 2.767455e-10
646 1.966357e-10
647 1.355904e-10
648 9.041386e-11
649 5.832329e-11
650 3.658238e-11
651 2.858635e-08
652 2.372970e-08
653 1.896696e-08
654 1.472837e-08
655 1.118539e-08
656 8.274478e-09
657 5.910498e-09
658 4.128433e-09
659 2.887545e-09
660 2.019981e-09
661 1.428822e-09
662 1.025672e-09
663 7.475194e-10
664 5.499459e-10
665 4.045711e-10
666 2.943301e-10
667 2.096004e-10
668 1.448670e-10
669 9.685156e-11
670 6.262463e-11
671 3.935758e-11
672 2.999349e-08
673 2.496853e-08
674 1.999929e-08
675 1.555340e-08
676 1.183107e-08
677 8.769334e-09
678 6.273630e-09
679 4.381125e-09
680 3.063057e-09
681 2.140663e-09
682 1.511720e-09
683 1.083772e-09
684 7.888973e-10
685 5.802298e-10
686 4.269878e-10
687 3.110202e-10
688 2.217991e-10
689 1.536367e-10
690 1.029221e-10
691 6.667455e-11
692 4.197662e-11
693 3.164896e-08
694 2.642216e-08
695 2.120769e-08
696 1.651978e-08
697 1.258755e-08
698 9.346169e-09
699 6.698967e-09
700 4.676425e-09
701 3.268239e-09
702 2.281778e-09
703 1.609099e-09
704 1.151533e-09
705 8.373594e-10
706 6.155238e-10
707 4.531932e-10
708 3.304363e-10
709 2.361098e-10
710 1.639036e-10
711 1.100198e-10
712 7.142181e-11
713 4.504444e-11
714 2.702176e-08
715 2.241571e-08
716 1.791780e-08
717 1.390988e-08
718 1.055273e-08
719 7.802407e-09
720 5.582915e-09
721 3.903573e-09
722 2.730731e-09
723 1.912414e-09
724 1.353077e-09
725 9.714109e-10
726 7.076280e-10
727 5.200179e-10
728 3.820080e-10
729 2.775716e-10
730 1.974036e-10
731 1.363704e-10
732 9.116467e-11
733 5.895735e-11
734 3.707735e-11
735 3.000537e-08
736 2.511045e-08
737 2.021754e-08
738 1.577699e-08
739 1.202658e-08
740 8.945167e-09
741 6.442221e-09
742 4.511659e-09
743 3.149539e-09
744 2.202336e-09
745 1.550866e-09
746 1.107899e-09
747 8.034280e-10
748 5.887915e-10
749 4.324835e-10
750 3.149281e-10
751 2.250236e-10
752 1.564208e-10
753 1.052762e-10
754 6.858000e-11
755 4.340363e-11
756 3.245936e-08
757 2.733865e-08
758 2.212133e-08
759 1.732778e-08
760 1.325063e-08
761 9.895234e-09
762 7.156986e-09
763 5.020159e-09
764 3.499687e-09
765 2.444631e-09
766 1.716361e-09
767 1.222058e-09
768 8.833569e-10
769 6.461296e-10
770 4.744114e-10
771 3.459048e-10
772 2.478919e-10
773 1.730284e-10
774 1.169851e-10
775 7.654914e-11
776 4.867339e-11
777 3.460178e-08
778 2.927697e-08
779 2.378486e-08
780 1.868640e-08
781 1.432144e-08
782 1.072593e-08
783 7.781932e-09
784 5.464817e-09
785 3.806324e-09
786 2.656630e-09
787 1.861112e-09
788 1.321955e-09
789 9.533443e-10
790 6.961466e-10
791 5.109113e-10
792 3.729811e-10
793 2.679355e-10
794 1.875569e-10
795 1.272776e-10
796 8.357875e-11
797 5.328996e-11
798 3.663712e-08
799 3.112220e-08
800 2.536584e-08
801 1.997169e-08
802 1.533900e-08
803 1.151511e-08
804 8.376266e-09
805 5.887654e-09
806 4.097314e-09
807 2.858136e-09
808 1.998288e-09
809 1.416649e-09
810 1.019701e-09
811 7.437753e-10
812 5.456615e-10
813 3.987525e-10
814 2.869081e-10
815 2.013654e-10
816 1.370102e-10
817 9.021560e-11
818 5.766911e-11
819 3.901440e-08
820 3.327847e-08
821 2.721044e-08
822 2.147410e-08
823 1.652706e-08
824 1.243440e-08
825 9.069273e-09
826 6.379077e-09
827 4.437182e-09
828 3.092909e-09
829 2.158530e-09
830 1.527098e-09
831 1.097095e-09
832 7.991379e-10
833 5.863328e-10
834 4.287000e-10
835 3.090595e-10
836 2.174365e-10
837 1.483880e-10
838 9.796038e-11
839 6.278069e-11
840 3.388882e-08
841 2.869612e-08
842 2.334034e-08
843 1.835284e-08
844 1.407293e-08
845 1.054039e-08
846 7.659705e-09
847 5.390408e-09
848 3.753247e-09
849 2.621038e-09
850 1.835255e-09
851 1.303070e-09
852 9.388011e-10
853 6.847336e-10
854 5.020048e-10
855 3.661459e-10
856 2.628880e-10
857 1.840878e-10
858 1.249999e-10
859 8.219390e-11
860 5.248527e-11
861 3.718642e-08
862 3.175896e-08
863 2.602632e-08
864 2.058382e-08
865 1.585142e-08
866 1.193086e-08
867 8.723427e-09
868 6.165965e-09
869 4.288099e-09
870 2.990889e-09
871 2.087253e-09
872 1.475528e-09
873 1.057941e-09
874 7.687256e-10
875 5.625868e-10
876 4.105326e-10
877 2.956243e-10
878 2.080207e-10
879 1.421186e-10
880 9.402660e-11
881 6.044400e-11
882 4.009432e-08
883 3.446255e-08
884 2.840225e-08
885 2.256314e-08
886 1.743149e-08
887 1.316512e-08
888 9.668702e-09
889 6.856229e-09
890 4.765941e-09
891 3.320695e-09
892 2.312299e-09
893 1.629293e-09
894 1.163958e-09
895 8.433648e-10
896 6.162364e-10
897 4.499047e-10
898 3.246696e-10
899 2.292425e-10
900 1.573159e-10
901 1.045990e-10
902 6.751665e-11
903 4.284725e-08
904 3.702500e-08
905 3.065671e-08
906 2.443926e-08
907 1.893486e-08
908 1.433931e-08
909 1.056693e-08
910 7.512813e-09
911 5.220339e-09
912 3.634117e-09
913 2.525907e-09
914 1.775243e-09
915 1.264949e-09
916 9.145046e-10
917 6.672877e-10
918 4.873583e-10
919 3.522418e-10
920 2.494072e-10
921 1.717236e-10
922 1.146064e-10
923 7.424661e-11
924 4.606954e-08
925 4.002547e-08
926 3.329572e-08
927 2.663702e-08
928 2.068532e-08
929 1.570749e-08
930 1.161681e-08
931 8.278546e-09
932 5.750519e-09
933 4.000486e-09
934 2.775505e-09
935 1.945789e-09
936 1.382604e-09
937 9.973374e-10
938 7.270247e-10
939 5.309877e-10
940 3.844156e-10
941 2.729171e-10
942 1.885810e-10
943 1.262815e-10
944 8.209403e-11
945 4.137381e-08
946 3.572307e-08
947 2.957525e-08
948 2.358306e-08
949 1.826857e-08
950 1.382807e-08
951 1.018923e-08
952 7.255191e-09
953 5.046824e-09
954 3.512516e-09
955 2.443973e-09
956 1.717712e-09
957 1.223711e-09
958 8.843462e-10
959 6.447931e-10
960 4.702680e-10
961 3.395241e-10
962 2.401932e-10
963 1.653135e-10
964 1.102927e-10
965 7.150278e-11
966 4.516018e-08
967 3.932252e-08
968 3.281765e-08
969 2.634243e-08
970 2.050264e-08
971 1.558456e-08
972 1.154849e-08
973 8.270814e-09
974 5.760332e-09
975 4.001202e-09
976 2.779462e-09
977 1.944847e-09
978 1.378743e-09
979 9.917706e-10
980 7.209484e-10
981 5.254754e-10
982 3.799496e-10
983 2.697742e-10
984 1.866647e-10
985 1.253414e-10
986 8.174471e-11
987 4.876970e-08
988 4.276760e-08
989 3.592277e-08
990 2.898708e-08
991 2.264901e-08
992 1.727579e-08
993 1.285521e-08
994 9.248889e-09
995 6.448324e-09
996 4.472990e-09
997 3.102877e-09
998 2.163721e-09
999 1.528382e-09
1000 1.095529e-09
1001 7.943006e-10
1002 5.783599e-10
1003 4.187480e-10
1004 2.981637e-10
1005 2.071310e-10
1006 1.397596e-10
1007 9.159398e-11
1008 5.299089e-08
1009 4.678872e-08
1010 3.955014e-08
1011 3.207745e-08
1012 2.515437e-08
1013 1.924573e-08
1014 1.438202e-08
1015 1.038995e-08
1016 7.252124e-09
1017 5.024111e-09
1018 3.481291e-09
1019 2.419351e-09
1020 1.703122e-09
1021 1.216656e-09
1022 8.800646e-10
1023 6.403045e-10
1024 4.640221e-10
1025 3.312763e-10
1026 2.310483e-10
1027 1.565705e-10
1028 1.030906e-10
1029 4.992552e-08
1030 4.394222e-08
1031 3.706029e-08
1032 3.002141e-08
1033 2.352571e-08
1034 1.797905e-08
1035 1.341161e-08
1036 9.685525e-09
1037 6.772001e-09
1038 4.692087e-09
1039 3.255649e-09
1040 2.264865e-09
1041 1.596050e-09
1042 1.140812e-09
1043 8.251268e-10
1044 5.998942e-10
1045 4.340188e-10
1046 3.092746e-10
1047 2.152898e-10
1048 1.456764e-10
1049 9.579699e-11
1050 5.457575e-08
1051 4.847531e-08
1052 4.124794e-08
1053 3.367421e-08
1054 2.654205e-08
1055 2.037672e-08
1056 1.527753e-08
1057 1.110598e-08
1058 7.796701e-09
1059 5.393155e-09
1060 3.737467e-09
1061 2.589546e-09
1062 1.816231e-09
1063 1.291317e-09
1064 9.297833e-10
1065 6.741870e-10
1066 4.878750e-10
1067 3.485216e-10
1068 2.436952e-10
1069 1.658893e-10
1070 1.097946e-10
1071 6.003557e-08
1072 5.379430e-08
1073 4.616598e-08
1074 3.796345e-08
1075 3.009075e-08
1076 2.319601e-08
1077 1.747716e-08
1078 1.278044e-08
1079 9.005810e-09
1080 6.222679e-09
1081 4.306785e-09
1082 2.972933e-09
1083 2.076113e-09
1084 1.468824e-09
1085 1.053325e-09
1086 7.619144e-10
1087 5.512513e-10
1088 3.946640e-10
1089 2.771301e-10
1090 1.896366e-10
1091 1.262881e-10
1092 6.049788e-08
1093 5.435213e-08
1094 4.679379e-08
1095 3.861883e-08
1096 3.070349e-08
1097 2.371966e-08
1098 1.789562e-08
1099 1.312240e-08
1100 9.284467e-09
1101 6.419739e-09
1102 4.439820e-09
1103 3.064282e-09
1104 2.135377e-09
1105 1.507004e-09
1106 1.077648e-09
1107 7.776695e-10
1108 5.617721e-10
1109 4.019662e-10
1110 2.823858e-10
1111 1.935797e-10
1112 1.291951e-10
1113 6.761567e-08
1114 6.143638e-08
1115 5.351154e-08
1116 4.463947e-08
1117 3.580233e-08
1118 2.783225e-08
1119 2.112580e-08
1120 1.561177e-08
1121 1.113174e-08
1122 7.705412e-09
1123 5.315756e-09
1124 3.658673e-09
1125 2.533362e-09
1126 1.775190e-09
1127 1.261203e-09
1128 9.055259e-10
1129 6.525531e-10
1130 4.673418e-10
1131 3.296072e-10
1132 2.273371e-10
1133 1.529198e-10
1134 7.734080e-08
1135 7.136151e-08
1136 6.318266e-08
1137 5.358207e-08
1138 4.359920e-08
1139 3.426242e-08
1140 2.622655e-08
1141 1.958138e-08
1142 1.415067e-08
1143 9.867421e-09
1144 6.783453e-09
1145 4.660132e-09
1146 3.198011e-09
1147 2.218620e-09
1148 1.558660e-09
1149 1.108178e-09
1150 7.931895e-10
1151 5.667472e-10
1152 4.006629e-10
1153 2.781148e-10
1154 1.888580e-10
