0 2.441541e-09
1 1.809085e-09
2 1.311782e-09
3 9.381819e-10
4 6.713300e-10
5 4.849156e-10
6 3.543793e-10
7 2.621453e-10
8 1.953057e-10
9 1.454110e-10
10 1.071595e-10
11 7.751545e-11
12 5.465752e-11
13 3.738702e-11
14 2.472931e-11
15 1.581627e-11
16 9.798700e-12
17 5.900719e-12
18 3.469192e-12
19 2.000527e-12
20 1.136516e-12
21 4.097840e-09
22 3.088274e-09
23 2.272995e-09
24 1.635388e-09
25 1.163646e-09
26 8.317673e-10
27 6.003860e-10
28 4.390232e-10
29 3.249728e-10
30 2.420504e-10
31 1.798712e-10
32 1.321105e-10
33 9.508995e-11
34 6.662813e-11
35 4.522857e-11
36 2.967834e-11
37 1.882829e-11
38 1.157421e-11
39 6.920742e-12
40 4.043583e-12
41 2.319326e-12
42 4.715437e-09
43 3.572641e-09
44 2.643145e-09
45 1.909606e-09
46 1.359351e-09
47 9.689231e-10
48 6.970740e-10
49 5.075620e-10
50 3.744998e-10
51 2.785415e-10
52 2.071933e-10
53 1.526571e-10
54 1.104430e-10
55 7.789555e-11
56 5.328945e-11
57 3.525722e-11
58 2.254702e-11
59 1.396116e-11
60 8.400822e-12
61 4.932956e-12
62 2.840444e-12
63 5.058523e-09
64 3.841829e-09
65 2.849570e-09
66 2.062715e-09
67 1.468652e-09
68 1.045640e-09
69 7.511003e-10
70 5.459294e-10
71 4.021766e-10
72 2.989263e-10
73 2.223832e-10
74 1.640838e-10
75 1.189825e-10
76 8.416875e-11
77 5.777291e-11
78 3.835874e-11
79 2.461774e-11
80 1.529566e-11
81 9.229756e-12
82 5.432057e-12
83 3.133371e-12
84 5.289501e-09
85 4.022924e-09
86 2.988033e-09
87 2.165273e-09
88 1.542225e-09
89 1.097240e-09
90 7.874227e-10
91 5.717145e-10
92 4.208085e-10
93 3.126129e-10
94 2.325818e-10
95 1.717457e-10
96 1.247381e-10
97 8.839955e-11
98 6.080111e-11
99 4.046029e-11
100 2.602050e-11
101 1.619437e-11
102 9.787404e-12
103 5.768892e-12
104 3.331040e-12
105 5.462416e-09
106 4.158715e-09
107 3.091929e-09
108 2.242424e-09
109 1.597198e-09
110 1.135987e-09
111 8.146505e-10
112 5.910522e-10
113 4.347456e-10
114 3.228575e-10
115 2.402819e-10
116 1.775224e-10
117 1.290484e-10
118 9.156424e-11
119 6.305761e-11
120 4.201754e-11
121 2.706394e-11
122 1.686761e-11
123 1.020555e-11
124 6.020118e-12
125 3.478489e-12
126 5.602471e-09
127 4.268326e-09
128 3.175948e-09
129 2.304614e-09
130 1.641814e-09
131 1.167192e-09
132 8.367939e-10
133 6.067442e-10
134 4.460591e-10
135 3.312195e-10
136 2.465169e-10
137 1.822185e-10
138 1.325496e-10
139 9.414165e-11
140 6.490561e-11
141 4.329623e-11
142 2.791553e-11
143 1.741538e-11
144 1.054576e-11
145 6.224971e-12
146 3.598702e-12
147 5.726255e-09
148 4.365275e-09
149 3.250389e-09
150 2.359882e-09
151 1.681260e-09
152 1.194817e-09
153 8.560874e-10
154 6.204777e-10
155 4.559775e-10
156 3.385248e-10
157 2.519755e-10
158 1.862649e-10
159 1.355595e-10
160 9.635065e-11
161 6.648837e-11
162 4.441097e-11
163 2.866069e-11
164 1.789586e-11
165 1.084418e-11
166 6.400175e-12
167 3.701457e-12
168 5.842927e-09
169 4.456797e-09
170 3.320609e-09
171 2.411989e-09
172 1.718092e-09
173 1.220885e-09
174 8.745100e-10
175 6.335145e-10
176 4.653549e-10
177 3.454397e-10
178 2.571565e-10
179 1.902131e-10
180 1.385056e-10
181 9.851669e-11
182 6.804803e-11
183 4.547305e-11
184 2.936740e-11
185 1.834972e-11
186 1.112625e-11
187 6.574632e-12
188 3.803084e-12
189 5.976211e-09
190 4.561485e-09
191 3.401214e-09
192 2.471954e-09
193 1.761148e-09
194 1.250953e-09
195 8.956884e-10
196 6.484460e-10
197 4.761584e-10
198 3.533985e-10
199 2.630921e-10
200 1.946843e-10
201 1.418785e-10
202 1.009952e-10
203 6.981322e-11
204 4.669554e-11
205 3.018346e-11
206 1.887518e-11
207 1.145258e-11
208 6.769772e-12
209 3.918438e-12
210 8.347313e-09
211 6.442972e-09
212 4.860984e-09
213 3.573319e-09
214 2.556566e-09
215 1.807729e-09
216 1.285931e-09
217 9.228149e-10
218 6.721010e-10
219 4.960289e-10
220 3.690164e-10
221 2.742874e-10
222 2.017317e-10
223 1.454716e-10
224 1.021243e-10
225 6.945072e-11
226 4.563698e-11
227 2.897379e-11
228 1.781005e-11
229 1.064163e-11
230 6.209811e-12
231 1.053880e-08
232 8.214895e-09
233 6.252844e-09
234 4.646651e-09
235 3.354973e-09
236 2.373088e-09
237 1.679839e-09
238 1.198351e-09
239 8.653368e-10
240 6.344907e-10
241 4.701921e-10
242 3.496475e-10
243 2.582985e-10
244 1.878426e-10
245 1.333853e-10
246 9.194479e-11
247 6.129671e-11
248 3.947771e-11
249 2.459097e-11
250 1.486109e-11
251 8.752025e-12
252 1.183844e-08
253 9.272688e-09
254 7.088695e-09
255 5.291628e-09
256 3.838307e-09
257 2.718994e-09
258 1.920764e-09
259 1.366927e-09
260 9.833083e-10
261 7.184571e-10
262 5.312629e-10
263 3.948800e-10
264 2.921897e-10
265 2.132434e-10
266 1.521648e-10
267 1.055057e-10
268 7.079251e-11
269 4.589367e-11
270 2.876514e-11
271 1.747936e-11
272 1.034043e-11
273 1.271888e-08
274 9.991257e-09
275 7.655942e-09
276 5.730319e-09
277 4.167377e-09
278 2.954306e-09
279 2.085422e-09
280 1.481582e-09
281 1.063650e-09
282 7.756684e-10
283 5.728391e-10
284 4.256493e-10
285 3.152487e-10
286 2.305067e-10
287 1.649304e-10
288 1.147317e-10
289 7.726041e-11
290 5.026755e-11
291 3.161365e-11
292 1.926773e-11
293 1.142656e-11
294 1.338058e-08
295 1.052970e-08
296 8.081247e-09
297 6.059826e-09
298 4.414205e-09
299 3.130765e-09
300 2.207992e-09
301 1.567345e-09
302 1.123716e-09
303 8.184275e-10
304 6.038797e-10
305 4.486232e-10
306 3.325181e-10
307 2.434311e-10
308 1.744868e-10
309 1.216388e-10
310 8.210168e-11
311 5.353685e-11
312 3.374151e-11
313 2.060387e-11
314 1.223945e-11
315 1.391586e-08
316 1.096661e-08
317 8.426152e-09
318 6.325858e-09
319 4.613995e-09
320 3.273801e-09
321 2.307640e-09
322 1.637258e-09
323 1.172588e-09
324 8.531707e-10
325 6.292017e-10
326 4.673688e-10
327 3.464988e-10
328 2.538849e-10
329 1.822159e-10
330 1.272193e-10
331 8.601333e-11
332 5.618612e-11
333 3.546889e-11
334 2.169008e-11
335 1.289878e-11
336 1.438228e-08
337 1.134643e-08
338 8.726685e-09
339 6.558130e-09
340 4.787661e-09
341 3.399096e-09
342 2.394697e-09
343 1.698332e-09
344 1.215197e-09
345 8.833654e-10
346 6.511706e-10
347 4.837082e-10
348 3.587404e-10
349 2.630366e-10
350 1.889822e-10
351 1.321145e-10
352 8.943919e-11
353 5.850689e-11
354 3.698008e-11
355 2.263727e-11
356 1.347009e-11
357 1.482602e-08
358 1.170809e-08
359 9.012411e-09
360 6.779462e-09
361 4.953615e-09
362 3.516912e-09
363 2.477521e-09
364 1.756085e-09
365 1.255579e-09
366 9.122686e-10
367 6.721336e-10
368 4.991611e-10
369 3.703493e-10
370 2.717258e-10
371 1.954072e-10
372 1.367586e-10
373 9.269901e-11
374 6.070925e-11
375 3.841497e-11
376 2.353524e-11
377 1.401896e-11
378 1.534112e-08
379 1.212862e-08
380 9.345217e-09
381 7.036305e-09
382 5.146551e-09
383 3.655294e-09
384 2.573621e-09
385 1.823538e-09
386 1.302944e-09
387 9.459085e-10
388 6.964421e-10
389 5.172058e-10
390 3.838268e-10
391 2.818167e-10
392 2.028828e-10
393 1.421619e-10
394 9.648646e-11
395 6.326360e-11
396 4.007647e-11
397 2.458118e-11
398 1.465488e-11
399 1.428966e-08
400 1.131677e-08
401 8.722163e-09
402 6.573534e-09
403 4.823546e-09
404 3.438011e-09
405 2.420488e-09
406 1.715615e-09
407 1.225024e-09
408 8.878668e-10
409 6.523332e-10
410 4.834295e-10
411 3.582054e-10
412 2.627969e-10
413 1.892028e-10
414 1.327222e-10
415 9.026052e-11
416 5.934942e-11
417 3.771643e-11
418 2.320674e-11
419 1.387379e-11
420 1.678788e-08
421 1.342019e-08
422 1.041826e-08
423 7.902961e-09
424 5.846980e-09
425 4.197065e-09
426 2.953322e-09
427 2.085345e-09
428 1.482245e-09
429 1.067340e-09
430 7.800191e-10
431 5.761572e-10
432 4.268844e-10
433 3.141396e-10
434 2.275009e-10
435 1.608906e-10
436 1.104846e-10
437 7.341842e-11
438 4.715600e-11
439 2.930531e-11
440 1.767263e-11
441 1.852917e-08
442 1.489698e-08
443 1.161251e-08
444 8.841908e-09
445 6.572462e-09
446 4.736565e-09
447 3.335155e-09
448 2.349266e-09
449 1.666208e-09
450 1.195406e-09
451 8.708604e-10
452 6.420746e-10
453 4.754436e-10
454 3.504056e-10
455 2.545402e-10
456 1.807961e-10
457 1.248072e-10
458 8.341466e-11
459 5.389066e-11
460 3.367662e-11
461 2.040851e-11
462 1.984115e-08
463 1.601080e-08
464 1.251264e-08
465 9.551340e-09
466 7.118009e-09
467 5.143692e-09
468 3.623003e-09
469 2.549214e-09
470 1.805123e-09
471 1.292276e-09
472 9.394958e-10
473 6.917343e-10
474 5.121610e-10
475 3.777291e-10
476 2.749075e-10
477 1.957911e-10
478 1.356003e-10
479 9.095373e-11
480 5.897371e-11
481 3.697875e-11
482 2.247708e-11
483 2.090991e-08
484 1.691366e-08
485 1.324525e-08
486 1.012644e-08
487 7.561371e-09
488 5.474550e-09
489 3.856801e-09
490 2.711641e-09
491 1.918010e-09
492 1.370773e-09
493 9.952089e-10
494 7.320289e-10
495 5.418744e-10
496 3.998908e-10
497 2.914377e-10
498 2.079618e-10
499 1.443607e-10
500 9.706931e-11
501 6.309896e-11
502 3.965864e-11
503 2.415593e-11
504 2.183980e-08
505 1.770199e-08
506 1.388441e-08
507 1.062893e-08
508 7.949182e-09
509 5.761473e-09
510 4.060661e-09
511 2.852867e-09
512 2.016615e-09
513 1.439165e-09
514 1.043758e-09
515 7.671603e-10
516 5.677942e-10
517 4.192515e-10
518 3.058526e-10
519 2.185743e-10
520 1.519995e-10
521 1.024038e-10
522 6.669351e-11
523 4.199373e-11
524 2.561862e-11
525 2.271634e-08
526 1.844650e-08
527 1.448709e-08
528 1.110299e-08
529 8.315233e-09
530 6.035249e-09
531 4.253042e-09
532 2.986857e-09
533 2.109717e-09
534 1.504049e-09
535 1.089664e-09
536 8.004059e-10
537 5.923471e-10
538 4.375663e-10
539 3.195166e-10
540 2.286296e-10
541 1.592364e-10
542 1.074569e-10
543 7.009982e-11
544 4.420610e-11
545 2.700422e-11
546 2.374779e-08
547 1.931859e-08
548 1.519489e-08
549 1.165821e-08
550 8.743575e-09
551 6.354292e-09
552 4.479647e-09
553 3.143901e-09
554 2.218703e-09
555 1.580157e-09
556 1.143619e-09
557 8.393971e-10
558 6.211281e-10
559 4.590303e-10
560 3.355107e-10
561 2.404089e-10
562 1.677158e-10
563 1.133795e-10
564 7.408612e-11
565 4.679646e-11
566 2.863072e-11
567 2.046361e-08
568 1.659458e-08
569 1.301914e-08
570 9.961413e-09
571 7.447660e-09
572 5.409529e-09
573 3.820483e-09
574 2.684101e-09
575 1.899188e-09
576 1.355212e-09
577 9.821975e-10
578 7.210781e-10
579 5.329977e-10
580 3.930142e-10
581 2.863770e-10
582 2.044900e-10
583 1.421618e-10
584 9.580177e-11
585 6.244484e-11
586 3.936744e-11
587 2.405135e-11
588 2.319981e-08
589 1.898942e-08
590 1.500152e-08
591 1.154284e-08
592 8.680456e-09
593 6.349023e-09
594 4.503942e-09
595 3.156878e-09
596 2.227827e-09
597 1.581933e-09
598 1.140565e-09
599 8.336744e-10
600 6.147318e-10
601 4.534528e-10
602 3.313725e-10
603 2.378344e-10
604 1.664829e-10
605 1.131014e-10
606 7.436555e-11
607 4.729348e-11
608 2.913018e-11
609 2.529121e-08
610 2.082952e-08
611 1.653526e-08
612 1.276325e-08
613 9.635762e-09
614 7.078178e-09
615 5.036140e-09
616 3.526663e-09
617 2.484254e-09
618 1.759169e-09
619 1.263879e-09
620 9.211985e-10
621 6.782604e-10
622 5.002543e-10
623 3.661696e-10
624 2.636146e-10
625 1.853009e-10
626 1.265092e-10
627 8.362694e-11
628 5.346992e-11
629 3.310123e-11
630 2.700071e-08
631 2.232625e-08
632 1.778143e-08
633 1.376138e-08
634 1.041259e-08
635 7.672312e-09
636 5.470344e-09
637 3.828889e-09
638 2.693267e-09
639 1.903561e-09
640 1.364696e-09
641 9.926977e-10
642 7.298941e-10
643 5.383783e-10
644 3.945078e-10
645 2.846075e-10
646 2.006251e-10
647 1.374292e-10
648 9.117095e-11
649 5.850302e-11
650 3.633884e-11
651 2.848853e-08
652 2.363421e-08
653 1.887080e-08
654 1.463131e-08
655 1.109184e-08
656 8.191115e-09
657 5.849490e-09
658 4.092415e-09
659 2.876120e-09
660 2.029821e-09
661 1.452565e-09
662 1.054958e-09
663 7.751181e-10
664 5.716671e-10
665 4.192509e-10
666 3.029364e-10
667 2.140049e-10
668 1.469645e-10
669 9.776118e-11
670 6.290047e-11
671 3.916793e-11
672 2.989185e-08
673 2.486991e-08
674 1.989959e-08
675 1.545373e-08
676 1.173442e-08
677 8.683138e-09
678 6.207745e-09
679 4.341833e-09
680 3.048446e-09
681 2.149024e-09
682 1.535668e-09
683 1.113920e-09
684 8.177831e-10
685 6.031378e-10
686 4.426623e-10
687 3.202775e-10
688 2.266616e-10
689 1.559826e-10
690 1.039913e-10
691 6.705244e-11
692 4.183816e-11
693 3.154538e-08
694 2.631913e-08
695 2.110369e-08
696 1.641562e-08
697 1.248476e-08
698 9.255720e-09
699 6.627842e-09
700 4.633267e-09
701 3.250809e-09
702 2.288730e-09
703 1.632829e-09
704 1.182839e-09
705 8.677456e-10
706 6.399713e-10
707 4.700251e-10
708 3.405261e-10
709 2.414440e-10
710 1.665279e-10
711 1.112779e-10
712 7.191800e-11
713 4.496826e-11
714 2.692658e-08
715 2.232321e-08
716 1.782542e-08
717 1.381667e-08
718 1.046455e-08
719 7.726035e-09
720 5.526817e-09
721 3.871278e-09
722 2.721189e-09
723 1.922388e-09
724 1.375664e-09
725 9.988425e-10
726 7.332776e-10
727 5.402504e-10
728 3.957120e-10
729 2.855763e-10
730 2.015332e-10
731 1.383033e-10
732 9.197445e-11
733 5.918748e-11
734 3.687648e-11
735 2.990429e-08
736 2.501179e-08
737 2.011967e-08
738 1.568036e-08
739 1.193271e-08
740 8.860801e-09
741 6.377028e-09
742 4.472388e-09
743 3.134329e-09
744 2.208637e-09
745 1.572277e-09
746 1.136285e-09
747 8.313972e-10
748 6.116402e-10
749 4.484139e-10
750 3.246170e-10
751 2.302191e-10
752 1.589941e-10
753 1.065060e-10
754 6.906896e-11
755 4.336229e-11
756 3.235242e-08
757 2.723486e-08
758 2.201855e-08
759 1.722522e-08
760 1.315081e-08
761 9.804232e-09
762 7.085051e-09
763 4.974441e-09
764 3.479636e-09
765 2.447938e-09
766 1.736486e-09
767 1.251044e-09
768 9.129674e-10
769 6.709535e-10
770 4.921363e-10
771 3.569786e-10
772 2.539949e-10
773 1.761532e-10
774 1.185716e-10
775 7.728811e-11
776 4.876896e-11
777 3.449133e-08
778 2.916956e-08
779 2.367847e-08
780 1.857958e-08
781 1.421677e-08
782 1.062869e-08
783 7.704469e-09
784 5.413357e-09
785 3.782295e-09
786 2.656940e-09
787 1.880419e-09
788 1.351452e-09
789 9.844538e-10
790 7.228303e-10
791 5.303681e-10
792 3.852711e-10
793 2.747797e-10
794 1.911544e-10
795 1.291214e-10
796 8.447626e-11
797 5.349872e-11
798 3.651622e-08
799 3.101077e-08
800 2.525527e-08
801 1.986169e-08
802 1.522969e-08
803 1.141399e-08
804 8.292520e-09
805 5.831623e-09
806 4.069258e-09
807 2.855959e-09
808 2.016980e-09
809 1.446673e-09
810 1.052284e-09
811 7.721130e-10
812 5.666862e-10
813 4.121463e-10
814 2.945221e-10
815 2.054033e-10
816 1.391426e-10
817 9.130477e-11
818 5.799240e-11
819 3.889196e-08
820 3.316228e-08
821 2.709630e-08
822 2.136172e-08
823 1.641157e-08
824 1.232702e-08
825 8.978720e-09
826 6.317875e-09
827 4.404288e-09
828 3.087730e-09
829 2.176002e-09
830 1.557822e-09
831 1.131374e-09
832 8.295698e-10
833 6.089997e-10
834 4.434615e-10
835 3.175295e-10
836 2.220102e-10
837 1.508228e-10
838 9.926395e-11
839 6.323002e-11
840 3.377915e-08
841 2.858991e-08
842 2.323576e-08
843 1.824830e-08
844 1.397101e-08
845 1.044738e-08
846 7.584584e-09
847 5.341133e-09
848 3.730500e-09
849 2.621737e-09
850 1.854024e-09
851 1.331482e-09
852 9.688718e-10
853 7.106424e-10
854 5.209407e-10
855 3.781926e-10
856 2.696751e-10
857 1.876487e-10
858 1.268429e-10
859 8.308093e-11
860 5.269498e-11
861 3.706989e-08
862 3.164855e-08
863 2.591565e-08
864 2.047399e-08
865 1.574376e-08
866 1.183018e-08
867 8.639968e-09
868 6.108720e-09
869 4.258902e-09
870 2.986708e-09
871 2.103560e-09
872 1.503862e-09
873 1.089542e-09
874 7.970470e-10
875 5.839515e-10
876 4.246015e-10
877 3.038199e-10
878 2.124705e-10
879 1.445086e-10
880 9.530517e-11
881 6.088228e-11
882 3.996670e-08
883 3.434143e-08
884 2.828707e-08
885 2.244977e-08
886 1.731857e-08
887 1.305809e-08
888 9.578821e-09
889 6.791860e-09
890 4.731287e-09
891 3.312358e-09
892 2.326369e-09
893 1.657304e-09
894 1.197088e-09
895 8.738790e-10
896 6.399003e-10
897 4.657649e-10
898 3.340895e-10
899 2.344766e-10
900 1.601797e-10
901 1.061607e-10
902 6.816354e-11
903 4.271387e-08
904 3.690253e-08
905 3.053670e-08
906 2.432119e-08
907 1.881458e-08
908 1.422684e-08
909 1.047003e-08
910 7.443013e-09
911 5.179870e-09
912 3.621871e-09
913 2.538471e-09
914 1.803166e-09
915 1.299257e-09
916 9.468883e-10
917 6.930570e-10
918 5.048692e-10
919 3.628421e-10
920 2.553789e-10
921 1.750650e-10
922 1.164727e-10
923 7.508111e-11
924 4.593235e-08
925 3.989619e-08
926 3.317056e-08
927 2.651283e-08
928 2.056097e-08
929 1.558867e-08
930 1.151135e-08
931 8.201268e-09
932 5.704037e-09
933 3.983679e-09
934 2.785545e-09
935 1.973679e-09
936 1.418437e-09
937 1.032117e-09
938 7.550866e-10
939 5.505039e-10
940 3.963989e-10
941 2.797759e-10
942 1.924407e-10
943 1.285111e-10
944 8.315748e-11
945 4.124910e-08
946 3.560265e-08
947 2.945492e-08
948 2.346734e-08
949 1.815455e-08
950 1.371974e-08
951 1.009670e-08
952 7.188291e-09
953 5.009480e-09
954 3.502086e-09
955 2.456551e-09
956 1.745000e-09
957 1.256588e-09
958 9.152258e-10
959 6.692495e-10
960 4.870308e-10
961 3.496683e-10
962 2.459165e-10
963 1.684951e-10
964 1.120858e-10
965 7.227588e-11
966 4.502235e-08
967 3.919521e-08
968 3.269978e-08
969 2.622358e-08
970 2.038307e-08
971 1.546957e-08
972 1.144870e-08
973 8.195788e-09
974 5.716136e-09
975 3.985503e-09
976 2.788734e-09
977 1.970911e-09
978 1.412766e-09
979 1.025161e-09
980 7.482273e-10
981 5.446192e-10
982 3.919077e-10
983 2.767150e-10
984 1.906089e-10
985 1.275975e-10
986 8.284019e-11
987 4.862480e-08
988 4.263466e-08
989 3.579392e-08
990 2.886175e-08
991 2.252383e-08
992 1.715463e-08
993 1.274783e-08
994 9.166934e-09
995 6.397309e-09
996 4.452016e-09
997 3.109021e-09
998 2.188898e-09
999 1.563169e-09
1000 1.130949e-09
1001 8.241738e-10
1002 5.999388e-10
1003 4.324341e-10
1004 3.062551e-10
1005 2.118214e-10
1006 1.424846e-10
1007 9.299246e-11
1008 5.284047e-08
1009 4.664256e-08
1010 3.941475e-08
1011 3.194107e-08
1012 2.502185e-08
1013 1.911811e-08
1014 1.426504e-08
1015 1.029946e-08
1016 7.193459e-09
1017 4.997075e-09
1018 3.483505e-09
1019 2.443465e-09
1020 1.738975e-09
1021 1.254547e-09
1022 9.127798e-10
1023 6.644839e-10
1024 4.797195e-10
1025 3.407231e-10
1026 2.365736e-10
1027 1.598564e-10
1028 1.048397e-10
1029 4.977838e-08
1030 4.380641e-08
1031 3.692969e-08
1032 2.989360e-08
1033 2.340032e-08
1034 1.785740e-08
1035 1.330368e-08
1036 9.601509e-09
1037 6.719841e-09
1038 4.669942e-09
1039 3.260226e-09
1040 2.288991e-09
1041 1.630527e-09
1042 1.176480e-09
1043 8.555695e-10
1044 6.221313e-10
1045 4.484401e-10
1046 3.179320e-10
1047 2.203425e-10
1048 1.486366e-10
1049 9.733540e-11
1050 5.441960e-08
1051 4.833247e-08
1052 4.111060e-08
1053 3.354196e-08
1054 2.641155e-08
1055 2.024885e-08
1056 1.516177e-08
1057 1.101423e-08
1058 7.736232e-09
1059 5.364992e-09
1060 3.737979e-09
1061 2.611747e-09
1062 1.850874e-09
1063 1.328942e-09
1064 9.632197e-10
1065 6.995254e-10
1066 5.047050e-10
1067 3.588819e-10
1068 2.498780e-10
1069 1.695630e-10
1070 1.118126e-10
1071 5.987215e-08
1072 5.364026e-08
1073 4.601531e-08
1074 3.782186e-08
1075 2.995193e-08
1076 2.306192e-08
1077 1.735163e-08
1078 1.267924e-08
1079 8.936443e-09
1080 6.187156e-09
1081 4.302080e-09
1082 2.993186e-09
1083 2.111196e-09
1084 1.508861e-09
1085 1.090051e-09
1086 7.906376e-10
1087 5.708942e-10
1088 4.070343e-10
1089 2.846036e-10
1090 1.941702e-10
1091 1.288306e-10
1092 6.033595e-08
1093 5.419950e-08
1094 4.664801e-08
1095 3.847973e-08
1096 3.056717e-08
1097 2.358568e-08
1098 1.777251e-08
1099 1.302192e-08
1100 9.215331e-09
1101 6.384536e-09
1102 4.434882e-09
1103 3.083695e-09
1104 2.169793e-09
1105 1.546469e-09
1106 1.114386e-09
1107 8.066805e-10
1108 5.818225e-10
1109 4.147454e-10
1110 2.902073e-10
1111 1.983097e-10
1112 1.318686e-10
1113 6.743929e-08
1114 6.126930e-08
1115 5.335008e-08
1116 4.448945e-08
1117 3.565580e-08
1118 2.769170e-08
1119 2.099274e-08
1120 1.550146e-08
1121 1.105268e-08
1122 7.662313e-09
1123 5.305021e-09
1124 3.675181e-09
1125 2.567549e-09
1126 1.816967e-09
1127 1.301583e-09
1128 9.387221e-10
1129 6.764167e-10
1130 4.830448e-10
1131 3.394294e-10
1132 2.333911e-10
1133 1.564278e-10
1134 7.714857e-08
1135 7.117919e-08
1136 6.301247e-08
1137 5.342137e-08
1138 4.344492e-08
1139 3.411503e-08
1140 2.608613e-08
1141 1.946223e-08
1142 1.406132e-08
1143 9.816515e-09
1144 6.766629e-09
1145 4.673255e-09
1146 3.231758e-09
1147 2.262776e-09
1148 1.603447e-09
1149 1.146668e-09
1150 8.223248e-10
1151 5.868338e-10
1152 4.136809e-10
1153 2.863351e-10
1154 1.937394e-10
