0 2.448190e-09
1 1.811146e-09
2 1.307079e-09
3 9.258411e-10
4 6.515140e-10
5 4.593489e-10
6 3.255370e-10
7 2.326087e-10
8 1.672486e-10
9 1.202740e-10
10 8.571647e-11
11 6.002725e-11
12 4.104469e-11
13 2.731882e-11
14 1.770371e-11
15 1.120917e-11
16 6.972813e-12
17 4.290769e-12
18 2.623990e-12
19 1.597716e-12
20 9.710666e-13
21 4.109636e-09
22 3.097150e-09
23 2.275479e-09
24 1.628654e-09
25 1.146676e-09
26 8.051986e-10
27 5.666643e-10
28 4.013147e-10
29 2.867909e-10
30 2.061534e-10
31 1.479979e-10
32 1.051204e-10
33 7.325706e-11
34 4.978868e-11
35 3.292534e-11
36 2.121153e-11
37 1.336346e-11
38 8.286043e-12
39 5.091622e-12
40 3.108138e-12
41 1.888345e-12
42 4.728926e-09
43 3.583038e-09
44 2.647918e-09
45 1.905111e-09
46 1.344078e-09
47 9.430598e-10
48 6.626147e-10
49 4.680000e-10
50 3.335367e-10
51 2.394167e-10
52 1.719767e-10
53 1.225126e-10
54 8.578944e-11
55 5.866556e-11
56 3.905272e-11
57 2.531421e-11
58 1.602782e-11
59 9.971726e-12
60 6.139579e-12
61 3.751967e-12
62 2.280541e-12
63 5.073103e-09
64 3.853887e-09
65 2.855448e-09
66 2.059279e-09
67 1.454220e-09
68 1.020099e-09
69 7.163609e-10
70 5.053528e-10
71 3.597094e-10
72 2.579962e-10
73 1.853621e-10
74 1.321944e-10
75 9.278183e-11
76 6.363088e-11
77 4.247814e-11
78 2.760846e-11
79 1.752223e-11
80 1.091703e-11
81 6.728136e-12
82 4.114092e-12
83 2.501032e-12
84 5.304208e-09
85 4.035398e-09
86 2.995048e-09
87 2.163063e-09
88 1.528369e-09
89 1.071957e-09
90 7.524900e-10
91 5.304701e-10
92 3.773093e-10
93 2.704761e-10
94 1.943504e-10
95 1.387217e-10
96 9.747954e-11
97 6.695555e-11
98 4.477717e-11
99 2.915075e-11
100 1.852291e-11
101 1.155169e-11
102 7.122708e-12
103 4.357425e-12
104 2.649430e-12
105 5.477729e-09
106 4.171426e-09
107 3.099536e-09
108 2.240557e-09
109 1.583970e-09
110 1.110844e-09
111 7.795010e-10
112 5.492845e-10
113 3.905144e-10
114 2.798808e-10
115 2.010868e-10
116 1.435950e-10
117 1.009999e-10
118 6.944693e-11
119 4.649951e-11
120 3.030745e-11
121 1.927782e-11
122 1.202988e-11
123 7.420688e-12
124 4.540595e-12
125 2.760737e-12
126 5.618047e-09
127 4.281900e-09
128 3.183939e-09
129 2.303633e-09
130 1.628894e-09
131 1.142254e-09
132 8.014794e-10
133 5.645754e-10
134 4.011986e-10
135 2.874502e-10
136 2.065637e-10
137 1.475718e-10
138 1.038732e-10
139 7.147123e-11
140 4.789489e-11
141 3.124407e-11
142 1.988741e-11
143 1.241565e-11
144 7.661790e-12
145 4.688181e-12
146 2.850774e-12
147 5.740120e-09
148 4.378990e-09
149 3.259085e-09
150 2.359145e-09
151 1.668470e-09
152 1.169888e-09
153 8.206793e-10
154 5.779381e-10
155 4.105725e-10
156 2.941122e-10
157 2.113660e-10
158 1.510582e-10
159 1.063715e-10
160 7.325883e-11
161 4.913190e-11
162 3.206731e-11
163 2.042010e-11
164 1.275408e-11
165 7.871942e-12
166 4.817756e-12
167 2.929381e-12
168 5.859076e-09
169 4.470973e-09
170 3.329774e-09
171 2.411517e-09
172 1.705986e-09
173 1.196089e-09
174 8.388855e-10
175 5.904770e-10
176 4.193740e-10
177 3.003724e-10
178 2.159142e-10
179 1.543314e-10
180 1.087367e-10
181 7.494412e-11
182 5.028856e-11
183 3.284367e-11
184 2.092395e-11
185 1.307527e-11
186 8.070542e-12
187 4.939565e-12
188 3.004176e-12
189 5.992749e-09
190 4.576086e-09
191 3.410740e-09
192 2.471840e-09
193 1.749077e-09
194 1.226380e-09
195 8.600292e-10
196 6.052830e-10
197 4.297325e-10
198 3.077068e-10
199 2.211164e-10
200 1.581521e-10
201 1.114832e-10
202 7.688596e-11
203 5.163613e-11
204 3.374836e-11
205 2.151316e-11
206 1.344650e-11
207 8.302269e-12
208 5.082614e-12
209 3.090901e-12
210 8.367838e-09
211 6.463448e-09
212 4.877740e-09
213 3.582445e-09
214 2.552388e-09
215 1.788336e-09
216 1.251602e-09
217 8.762805e-10
218 6.181637e-10
219 4.404101e-10
220 3.162119e-10
221 2.270216e-10
222 1.614112e-10
223 1.126896e-10
224 7.671868e-11
225 5.080724e-11
226 3.274199e-11
227 2.061792e-11
228 1.279281e-11
229 7.853639e-12
230 4.781759e-12
231 1.056282e-08
232 8.238577e-09
233 6.275697e-09
234 4.662206e-09
235 3.358170e-09
236 2.359505e-09
237 1.648894e-09
238 1.152180e-09
239 8.081828e-10
240 5.726377e-10
241 4.094687e-10
242 2.939580e-10
243 2.099277e-10
244 1.477429e-10
245 1.017017e-10
246 6.815272e-11
247 4.441912e-11
248 2.821729e-11
249 1.760899e-11
250 1.085005e-11
251 6.619118e-12
252 1.186304e-08
253 9.298526e-09
254 7.113956e-09
255 5.311611e-09
256 3.846137e-09
257 2.709085e-09
258 1.891942e-09
259 1.320874e-09
260 9.246223e-10
261 6.533833e-10
262 4.662315e-10
263 3.344747e-10
264 2.392119e-10
265 1.689223e-10
266 1.168210e-10
267 7.867639e-11
268 5.154138e-11
269 3.289766e-11
270 2.059138e-11
271 1.271521e-11
272 7.764586e-12
273 1.274521e-08
274 1.001820e-08
275 7.682857e-09
276 5.752581e-09
277 4.177748e-09
278 2.946206e-09
279 2.057545e-09
280 1.435914e-09
281 1.003822e-09
282 7.083484e-10
283 5.048746e-10
284 3.620651e-10
285 2.591437e-10
286 1.833428e-10
287 1.270984e-10
288 8.586589e-11
289 5.640541e-11
290 3.607995e-11
291 2.262366e-11
292 1.398774e-11
293 8.546864e-12
294 1.340771e-08
295 1.055825e-08
296 8.109720e-09
297 6.083666e-09
298 4.425665e-09
299 3.124825e-09
300 2.181743e-09
301 1.522087e-09
302 1.063254e-09
303 7.494775e-10
304 5.337864e-10
305 3.826719e-10
306 2.740246e-10
307 1.940973e-10
308 1.348086e-10
309 9.125502e-11
310 6.004938e-11
311 3.847468e-11
312 2.414683e-11
313 1.494191e-11
314 9.133395e-12
315 1.394204e-08
316 1.099480e-08
317 8.455322e-09
318 6.350819e-09
319 4.627458e-09
320 3.269304e-09
321 2.282461e-09
322 1.592118e-09
323 1.111598e-09
324 7.829518e-10
325 5.572629e-10
326 3.994675e-10
327 2.861616e-10
328 2.028628e-10
329 1.410517e-10
330 9.559899e-11
331 6.301005e-11
332 4.040553e-11
333 2.538650e-11
334 1.571741e-11
335 9.610673e-12
336 1.440968e-08
337 1.137560e-08
338 8.757021e-09
339 6.584662e-09
340 4.803137e-09
341 3.395654e-09
342 2.370827e-09
343 1.653424e-09
344 1.153797e-09
345 8.122335e-10
346 5.776914e-10
347 4.140626e-10
348 2.966977e-10
349 2.104898e-10
350 1.464843e-10
351 9.940829e-11
352 6.558551e-11
353 4.209912e-11
354 2.646924e-11
355 1.639268e-11
356 1.002409e-11
357 1.485404e-08
358 1.173782e-08
359 9.043998e-09
360 6.806995e-09
361 4.970586e-09
362 3.515229e-09
363 2.453935e-09
364 1.711166e-09
365 1.193520e-09
366 8.398097e-10
367 5.971940e-10
368 4.279670e-10
369 3.067630e-10
370 2.177350e-10
371 1.516742e-10
372 1.030077e-10
373 6.803159e-11
374 4.370481e-11
375 2.749205e-11
376 1.703072e-11
377 1.041544e-11
378 1.537202e-08
379 1.216062e-08
380 9.377488e-09
381 7.065294e-09
382 5.165181e-09
383 3.654398e-09
384 2.550579e-09
385 1.778492e-09
386 1.240146e-09
387 8.721146e-10
388 6.198207e-10
389 4.441194e-10
390 3.184014e-10
391 2.261821e-10
392 1.576816e-10
393 1.072136e-10
394 7.086743e-11
395 4.556856e-11
396 2.868290e-11
397 1.777538e-11
398 1.087457e-11
399 1.431734e-08
400 1.134399e-08
401 8.750811e-09
402 6.597453e-09
403 4.838090e-09
404 3.435619e-09
405 2.397785e-09
406 1.673330e-09
407 1.166544e-09
408 8.196864e-10
409 5.815434e-10
410 4.159067e-10
411 2.976841e-10
412 2.113637e-10
413 1.474717e-10
414 1.004366e-10
415 6.654697e-11
416 4.290387e-11
417 2.705865e-11
418 1.679672e-11
419 1.028606e-11
420 1.681716e-08
421 1.345106e-08
422 1.044935e-08
423 7.933126e-09
424 5.867424e-09
425 4.201342e-09
426 2.936195e-09
427 2.046345e-09
428 1.424598e-09
429 9.965515e-10
430 7.038629e-10
431 5.017738e-10
432 3.590434e-10
433 2.556097e-10
434 1.793924e-10
435 1.231371e-10
436 8.229888e-11
437 5.349323e-11
438 3.395855e-11
439 2.117808e-11
440 1.300891e-11
441 1.856134e-08
442 1.493246e-08
443 1.164675e-08
444 8.877744e-09
445 6.597480e-09
446 4.745078e-09
447 3.321387e-09
448 2.313368e-09
449 1.609289e-09
450 1.123022e-09
451 7.913030e-10
452 5.629907e-10
453 4.026182e-10
454 2.869852e-10
455 2.020310e-10
456 1.392679e-10
457 9.351157e-11
458 6.105995e-11
459 3.890722e-11
460 2.433300e-11
461 1.497527e-11
462 1.987536e-08
463 1.604310e-08
464 1.254905e-08
465 9.586168e-09
466 7.147547e-09
467 5.154899e-09
468 3.612449e-09
469 2.514942e-09
470 1.748458e-09
471 1.218591e-09
472 8.573085e-10
473 6.091527e-10
474 4.354721e-10
475 3.106804e-10
476 2.190921e-10
477 1.514404e-10
478 1.019760e-10
479 6.677886e-11
480 4.264783e-11
481 2.671825e-11
482 1.646026e-11
483 2.094469e-08
484 1.694884e-08
485 1.328414e-08
486 1.016409e-08
487 7.592543e-09
488 5.489040e-09
489 3.848649e-09
490 2.678833e-09
491 1.861683e-09
492 1.296092e-09
493 9.109128e-10
494 6.467233e-10
495 4.622103e-10
496 3.299368e-10
497 2.329677e-10
498 1.612987e-10
499 1.088424e-10
500 7.142047e-11
501 4.568345e-11
502 2.865535e-11
503 1.766899e-11
504 2.187559e-08
505 1.773843e-08
506 1.392334e-08
507 1.066753e-08
508 7.982072e-09
509 5.779250e-09
510 4.054433e-09
511 2.821482e-09
512 1.960345e-09
513 1.363967e-09
514 9.576096e-10
515 6.793982e-10
516 4.854582e-10
517 3.466629e-10
518 2.450358e-10
519 1.699200e-10
520 1.148241e-10
521 7.545518e-11
522 4.833023e-11
523 3.034288e-11
524 1.871922e-11
525 2.275423e-08
526 1.848297e-08
527 1.452696e-08
528 1.114305e-08
529 8.349744e-09
530 6.054739e-09
531 4.249555e-09
532 2.957185e-09
533 2.053831e-09
534 1.428094e-09
535 1.001953e-09
536 7.103956e-10
537 5.075036e-10
538 3.625605e-10
539 2.564643e-10
540 1.780283e-10
541 1.204941e-10
542 7.928800e-11
543 5.084639e-11
544 3.194701e-11
545 1.971912e-11
546 2.378652e-08
547 1.935844e-08
548 1.523498e-08
549 1.170131e-08
550 8.781771e-09
551 6.376974e-09
552 4.478268e-09
553 3.114424e-09
554 2.163362e-09
555 1.503026e-09
556 1.053733e-09
557 7.466439e-10
558 5.332755e-10
559 3.810872e-10
560 2.698569e-10
561 1.875656e-10
562 1.271216e-10
563 8.376415e-11
564 5.377169e-11
565 3.381104e-11
566 2.088649e-11
567 2.049809e-08
568 1.662972e-08
569 1.305462e-08
570 9.997614e-09
571 7.476547e-09
572 5.422751e-09
573 3.812130e-09
574 2.651532e-09
575 1.844757e-09
576 1.283244e-09
577 9.008519e-10
578 6.385153e-10
579 4.556579e-10
580 3.249537e-10
581 2.294621e-10
582 1.590360e-10
583 1.075285e-10
584 7.071904e-11
585 4.535154e-11
586 2.850182e-11
587 1.760304e-11
588 2.323720e-08
589 1.902430e-08
590 1.504231e-08
591 1.158244e-08
592 8.714083e-09
593 6.368735e-09
594 4.501659e-09
595 3.129611e-09
596 2.176192e-09
597 1.509861e-09
598 1.056190e-09
599 7.457443e-10
600 5.309051e-10
601 3.786106e-10
602 2.681155e-10
603 1.867966e-10
604 1.271262e-10
605 8.420034e-11
606 5.434971e-11
607 3.433330e-11
608 2.128685e-11
609 2.533344e-08
610 2.086701e-08
611 1.657592e-08
612 1.280723e-08
613 9.672736e-09
614 7.102574e-09
615 5.039345e-09
616 3.503126e-09
617 2.434495e-09
618 1.686823e-09
619 1.177239e-09
620 8.292603e-10
621 5.894817e-10
622 4.203331e-10
623 2.980809e-10
624 2.082983e-10
625 1.423329e-10
626 9.470286e-11
627 6.136899e-11
628 3.889079e-11
629 2.417426e-11
630 2.704340e-08
631 2.236826e-08
632 1.782492e-08
633 1.380515e-08
634 1.045312e-08
635 7.701337e-09
636 5.477166e-09
637 3.808149e-09
638 2.645383e-09
639 1.831387e-09
640 1.276174e-09
641 8.975439e-10
642 6.372093e-10
643 4.542866e-10
644 3.225072e-10
645 2.258376e-10
646 1.547255e-10
647 1.032369e-10
648 6.709201e-11
649 4.261867e-11
650 2.653379e-11
651 2.853235e-08
652 2.367635e-08
653 1.891486e-08
654 1.467838e-08
655 1.113479e-08
656 8.223767e-09
657 5.859119e-09
658 4.074317e-09
659 2.829583e-09
660 1.957842e-09
661 1.362546e-09
662 9.570914e-10
663 6.789525e-10
664 4.839999e-10
665 3.438663e-10
666 2.411290e-10
667 1.655495e-10
668 1.106999e-10
669 7.209418e-11
670 4.586647e-11
671 2.859049e-11
672 2.993835e-08
673 2.491397e-08
674 1.994595e-08
675 1.550132e-08
676 1.177957e-08
677 8.718947e-09
678 6.221061e-09
679 4.325950e-09
680 3.003967e-09
681 2.077066e-09
682 1.444142e-09
683 1.013327e-09
684 7.183711e-10
685 5.120786e-10
686 3.640297e-10
687 2.556524e-10
688 1.758251e-10
689 1.177518e-10
690 7.681614e-11
691 4.893704e-11
692 3.053043e-11
693 3.159160e-08
694 2.636690e-08
695 2.115211e-08
696 1.646669e-08
697 1.253573e-08
698 9.294562e-09
699 6.644645e-09
700 4.619691e-09
701 3.207757e-09
702 2.216640e-09
703 1.539738e-09
704 1.079266e-09
705 7.645234e-10
706 5.448826e-10
707 3.876359e-10
708 2.725394e-10
709 1.877851e-10
710 1.259993e-10
711 8.234156e-11
712 5.253358e-11
713 3.281275e-11
714 2.696959e-08
715 2.236593e-08
716 1.786533e-08
717 1.386062e-08
718 1.050405e-08
719 7.753598e-09
720 5.533148e-09
721 3.851265e-09
722 2.674182e-09
723 1.851888e-09
724 1.289017e-09
725 9.054087e-10
726 6.418293e-10
727 4.570516e-10
728 3.243425e-10
729 2.272266e-10
730 1.559025e-10
731 1.042353e-10
732 6.790592e-11
733 4.322971e-11
734 2.696694e-11
735 2.994783e-08
736 2.505848e-08
737 2.016305e-08
738 1.572601e-08
739 1.197599e-08
740 8.894270e-09
741 6.390574e-09
742 4.457368e-09
743 3.091290e-09
744 2.139681e-09
745 1.484367e-09
746 1.038895e-09
747 7.341987e-10
748 5.220888e-10
749 3.707245e-10
750 2.605190e-10
751 1.796345e-10
752 1.208429e-10
753 7.920071e-11
754 5.069214e-11
755 3.176129e-11
756 3.240569e-08
757 2.727997e-08
758 2.206627e-08
759 1.727412e-08
760 1.319752e-08
761 9.842531e-09
762 7.103437e-09
763 4.964030e-09
764 3.439828e-09
765 2.380163e-09
766 1.647783e-09
767 1.150583e-09
768 8.112429e-10
769 5.761919e-10
770 4.093009e-10
771 2.881913e-10
772 1.993585e-10
773 1.346154e-10
774 8.859746e-11
775 5.691415e-11
776 3.576962e-11
777 3.454436e-08
778 2.921951e-08
779 2.372711e-08
780 1.862972e-08
781 1.426665e-08
782 1.067152e-08
783 7.727045e-09
784 5.407450e-09
785 3.745147e-09
786 2.590811e-09
787 1.790767e-09
788 1.248403e-09
789 8.789793e-10
790 6.235900e-10
791 4.430816e-10
792 3.123901e-10
793 2.166005e-10
794 1.466910e-10
795 9.683912e-11
796 6.236436e-11
797 3.927551e-11
798 3.657731e-08
799 3.106269e-08
800 2.530662e-08
801 1.991557e-08
802 1.528301e-08
803 1.146043e-08
804 8.319934e-09
805 5.829030e-09
806 4.035375e-09
807 2.790873e-09
808 1.926398e-09
809 1.341066e-09
810 9.429965e-10
811 6.686260e-10
812 4.751381e-10
813 3.354170e-10
814 2.330231e-10
815 1.581680e-10
816 1.046480e-10
817 6.753848e-11
818 4.261121e-11
819 3.895546e-08
820 3.321556e-08
821 2.714536e-08
822 2.141452e-08
823 1.646802e-08
824 1.237720e-08
825 9.011452e-09
826 6.319071e-09
827 4.373225e-09
828 3.023887e-09
829 2.084524e-09
830 1.449234e-09
831 1.017685e-09
832 7.210066e-10
833 5.125143e-10
834 3.621954e-10
835 2.521113e-10
836 1.715005e-10
837 1.137686e-10
838 7.357654e-11
839 4.649760e-11
840 3.383190e-08
841 2.864113e-08
842 2.328283e-08
843 1.829897e-08
844 1.401890e-08
845 1.048685e-08
846 7.605926e-09
847 5.333795e-09
848 3.692939e-09
849 2.556021e-09
850 1.765982e-09
851 1.230680e-09
852 8.657857e-10
853 6.136809e-10
854 4.355895e-10
855 3.069511e-10
856 2.128220e-10
857 1.442346e-10
858 9.530451e-11
859 6.145906e-11
860 3.876080e-11
861 3.712664e-08
862 3.169898e-08
863 2.596791e-08
864 2.052691e-08
865 1.579528e-08
866 1.187535e-08
867 8.667318e-09
868 6.107184e-09
869 4.225979e-09
870 2.923871e-09
871 2.015747e-09
872 1.400453e-09
873 9.816807e-10
874 6.940565e-10
875 4.922768e-10
876 3.474095e-10
877 2.417324e-10
878 1.646037e-10
879 1.093875e-10
880 7.092807e-11
881 4.494974e-11
882 4.002953e-08
883 3.439847e-08
884 2.834084e-08
885 2.250713e-08
886 1.737339e-08
887 1.310809e-08
888 9.611018e-09
889 6.796385e-09
890 4.702092e-09
891 3.251989e-09
892 2.238623e-09
893 1.551865e-09
894 1.085144e-09
895 7.656879e-10
896 5.427382e-10
897 3.833554e-10
898 2.673837e-10
899 1.827283e-10
900 1.219284e-10
901 7.935643e-11
902 5.046392e-11
903 4.278387e-08
904 3.696164e-08
905 3.059572e-08
906 2.438003e-08
907 1.887323e-08
908 1.428077e-08
909 1.050758e-08
910 7.451418e-09
911 5.155380e-09
912 3.564327e-09
913 2.450638e-09
914 1.695664e-09
915 1.183376e-09
916 8.338157e-10
917 5.906426e-10
918 4.175422e-10
919 2.918016e-10
920 1.999503e-10
921 1.338282e-10
922 8.737505e-11
923 5.571317e-11
924 4.600676e-08
925 3.995842e-08
926 3.322974e-08
927 2.657299e-08
928 2.062474e-08
929 1.564662e-08
930 1.155573e-08
931 8.215577e-09
932 5.683802e-09
933 3.928412e-09
934 2.697979e-09
935 1.863615e-09
936 1.298015e-09
937 9.131761e-10
938 6.466000e-10
939 4.574109e-10
940 3.202548e-10
941 2.199868e-10
942 1.477212e-10
943 9.674616e-11
944 6.182361e-11
945 4.131149e-08
946 3.566076e-08
947 2.951224e-08
948 2.352327e-08
949 1.820994e-08
950 1.377028e-08
951 1.013116e-08
952 7.194598e-09
953 4.982344e-09
954 3.443207e-09
955 2.370043e-09
956 1.639712e-09
957 1.143984e-09
958 8.056877e-10
959 5.701905e-10
960 4.026552e-10
961 2.811483e-10
962 1.925486e-10
963 1.288695e-10
964 8.417289e-11
965 5.370732e-11
966 4.509264e-08
967 3.925802e-08
968 3.275221e-08
969 2.627925e-08
970 2.044182e-08
971 1.552474e-08
972 1.148853e-08
973 8.208858e-09
974 5.693980e-09
975 3.930476e-09
976 2.703517e-09
977 1.864303e-09
978 1.296192e-09
979 9.098181e-10
980 6.427337e-10
981 4.538765e-10
982 3.175863e-10
983 2.184051e-10
984 1.469345e-10
985 9.649120e-11
986 6.188245e-11
987 4.870341e-08
988 4.270062e-08
989 3.585689e-08
990 2.892410e-08
991 2.258640e-08
992 1.721410e-08
993 1.279340e-08
994 9.184802e-09
995 6.380952e-09
996 4.400305e-09
997 3.024920e-09
998 2.080851e-09
999 1.442810e-09
1000 1.010228e-09
1001 7.125274e-10
1002 5.031744e-10
1003 3.526846e-10
1004 2.432510e-10
1005 1.642802e-10
1006 1.083331e-10
1007 6.975277e-11
1008 5.292500e-08
1009 4.671828e-08
1010 3.947734e-08
1011 3.200893e-08
1012 2.509037e-08
1013 1.918193e-08
1014 1.431823e-08
1015 1.032444e-08
1016 7.182944e-09
1017 4.949779e-09
1018 3.400823e-09
1019 2.333684e-09
1020 1.614200e-09
1021 1.127495e-09
1022 7.940399e-10
1023 5.606660e-10
1024 3.935784e-10
1025 2.722048e-10
1026 1.845336e-10
1027 1.221863e-10
1028 7.894590e-11
1029 4.985560e-08
1030 4.387518e-08
1031 3.699492e-08
1032 2.995768e-08
1033 2.346277e-08
1034 1.791708e-08
1035 1.334996e-08
1036 9.621944e-09
1037 6.704357e-09
1038 4.619385e-09
1039 3.177368e-09
1040 2.181656e-09
1041 1.510240e-09
1042 1.055105e-09
1043 7.427616e-10
1044 5.238772e-10
1045 3.671609e-10
1046 2.535689e-10
1047 1.716839e-10
1048 1.135207e-10
1049 7.332900e-11
1050 5.450698e-08
1051 4.840561e-08
1052 4.117931e-08
1053 3.360707e-08
1054 2.647688e-08
1055 2.031278e-08
1056 1.521361e-08
1057 1.104067e-08
1058 7.727281e-09
1059 5.318543e-09
1060 3.657271e-09
1061 2.503817e-09
1062 1.727189e-09
1063 1.201961e-09
1064 8.434830e-10
1065 5.941142e-10
1066 4.167891e-10
1067 2.886794e-10
1068 1.963054e-10
1069 1.305565e-10
1070 8.481969e-11
1071 5.996698e-08
1072 5.372137e-08
1073 4.609022e-08
1074 3.789531e-08
1075 3.002439e-08
1076 2.313007e-08
1077 1.741116e-08
1078 1.271294e-08
1079 8.934699e-09
1080 6.146054e-09
1081 4.224159e-09
1082 2.884276e-09
1083 1.983487e-09
1084 1.375258e-09
1085 9.622898e-10
1086 6.768849e-10
1087 4.751644e-10
1088 3.299709e-10
1089 2.253486e-10
1090 1.506308e-10
1091 9.836281e-11
1092 6.042675e-08
1093 5.428115e-08
1094 4.672261e-08
1095 3.854988e-08
1096 3.063606e-08
1097 2.365361e-08
1098 1.782964e-08
1099 1.305537e-08
1100 9.213382e-09
1101 6.343321e-09
1102 4.357358e-09
1103 2.975910e-09
1104 2.043083e-09
1105 1.413812e-09
1106 9.870506e-10
1107 6.929579e-10
1108 4.858892e-10
1109 3.373983e-10
1110 2.306144e-10
1111 1.544476e-10
1112 1.011360e-10
1113 6.754005e-08
1114 6.136037e-08
1115 5.343312e-08
1116 4.456721e-08
1117 3.573314e-08
1118 2.776393e-08
1119 2.105793e-08
1120 1.554257e-08
1121 1.105894e-08
1122 7.627018e-09
1123 5.230801e-09
1124 3.567161e-09
1125 2.437301e-09
1126 1.677492e-09
1127 1.165461e-09
1128 8.153269e-10
1129 5.710346e-10
1130 3.972746e-10
1131 2.727119e-10
1132 1.837838e-10
1133 1.212097e-10
1134 7.726233e-08
1135 7.127850e-08
1136 6.310651e-08
1137 5.350709e-08
1138 4.352674e-08
1139 3.419192e-08
1140 2.615629e-08
1141 1.951053e-08
1142 1.407628e-08
1143 9.787257e-09
1144 6.696220e-09
1145 4.565651e-09
1146 3.098113e-09
1147 2.116203e-09
1148 1.457488e-09
1149 1.011900e-09
1150 7.053753e-10
1151 4.903654e-10
1152 3.377509e-10
1153 2.292180e-10
1154 1.526683e-10
