0 2.424609e-09
1 1.791901e-09
2 1.293892e-09
3 9.191864e-10
4 6.509949e-10
5 4.632250e-10
6 3.317306e-10
7 2.391603e-10
8 1.728292e-10
9 1.243272e-10
10 8.830716e-11
11 6.151470e-11
12 4.182046e-11
13 2.767633e-11
14 1.782106e-11
15 1.118530e-11
16 6.873566e-12
17 4.164777e-12
18 2.503380e-12
19 1.499254e-12
20 8.989627e-13
21 4.075096e-09
22 3.065853e-09
23 2.250049e-09
24 1.611668e-09
25 1.138718e-09
26 8.051307e-10
27 5.721994e-10
28 4.096750e-10
29 2.953266e-10
30 2.132130e-10
31 1.529884e-10
32 1.082366e-10
33 7.503159e-11
34 5.071412e-11
35 3.335936e-11
36 2.135708e-11
37 1.333500e-11
38 8.163977e-12
39 4.937777e-12
40 2.962267e-12
41 1.770347e-12
42 4.690845e-09
43 3.548345e-09
44 2.618735e-09
45 1.884491e-09
46 1.332988e-09
47 9.408812e-10
48 6.672407e-10
49 4.764427e-10
50 3.428196e-10
51 2.474210e-10
52 1.778568e-10
53 1.263077e-10
54 8.799879e-11
55 5.985127e-11
56 3.963570e-11
57 2.554342e-11
58 1.604345e-11
59 9.866467e-12
60 5.984000e-12
61 3.595016e-12
62 2.148606e-12
63 5.032813e-09
64 3.816755e-09
65 2.824251e-09
66 2.036365e-09
67 1.441462e-09
68 1.016821e-09
69 7.204292e-10
70 5.138025e-10
71 3.693586e-10
72 2.665494e-10
73 1.917369e-10
74 1.363714e-10
75 9.523445e-11
76 6.495741e-11
77 4.314482e-11
78 2.788467e-11
79 1.756314e-11
80 1.082235e-11
81 6.572117e-12
82 3.951182e-12
83 2.361453e-12
84 5.263100e-09
85 3.997202e-09
86 2.962241e-09
87 2.138874e-09
88 1.514570e-09
89 1.067915e-09
90 7.562003e-10
91 5.389169e-10
92 3.872106e-10
93 2.793895e-10
94 2.010376e-10
95 1.431342e-10
96 1.000980e-10
97 6.838616e-11
98 4.550011e-11
99 2.945802e-11
100 1.858122e-11
101 1.146342e-11
102 6.967008e-12
103 4.190877e-12
104 2.505063e-12
105 5.435637e-09
106 4.132412e-09
107 3.065512e-09
108 2.215515e-09
109 1.569189e-09
110 1.106254e-09
111 7.830304e-10
112 5.577926e-10
113 4.006208e-10
114 2.890486e-10
115 2.080501e-10
116 1.481923e-10
117 1.037319e-10
118 7.094377e-11
119 4.726307e-11
120 3.063825e-11
121 1.934886e-11
122 1.194667e-11
123 7.265094e-12
124 4.370891e-12
125 2.612368e-12
126 5.575327e-09
127 4.241665e-09
128 3.149313e-09
129 2.277495e-09
130 1.613488e-09
131 1.137134e-09
132 8.047563e-10
133 5.730005e-10
134 4.114248e-10
135 2.968399e-10
136 2.137140e-10
137 1.523347e-10
138 1.067130e-10
139 7.303672e-11
140 4.869350e-11
141 3.159633e-11
142 1.996944e-11
143 1.233650e-11
144 7.505694e-12
145 4.516294e-12
146 2.699398e-12
147 5.696838e-09
148 4.338489e-09
149 3.223388e-09
150 2.332134e-09
151 1.652413e-09
152 1.164507e-09
153 8.237481e-10
154 5.864250e-10
155 4.209695e-10
156 3.036814e-10
157 2.187058e-10
158 1.559632e-10
159 1.092996e-10
160 7.487311e-11
161 4.996079e-11
162 3.243684e-11
163 2.051082e-11
164 1.267850e-11
165 7.715798e-12
166 4.643945e-12
167 2.775341e-12
168 5.814999e-09
169 4.429575e-09
170 3.293391e-09
171 2.384191e-09
172 1.689160e-09
173 1.190243e-09
174 8.417465e-10
175 5.990600e-10
176 4.299667e-10
177 3.101904e-10
178 2.234116e-10
179 1.593614e-10
180 1.117525e-10
181 7.660662e-11
182 5.114860e-11
183 3.323140e-11
184 2.102344e-11
185 1.300210e-11
186 7.914336e-12
187 4.763778e-12
188 2.847534e-12
189 5.947955e-09
190 4.534159e-09
191 3.373078e-09
192 2.443725e-09
193 1.731910e-09
194 1.220014e-09
195 8.627334e-10
196 6.136680e-10
197 4.403626e-10
198 3.176728e-10
199 2.288341e-10
200 1.633263e-10
201 1.145944e-10
202 7.860723e-11
203 5.252620e-11
204 3.415350e-11
205 2.162316e-11
206 1.337766e-11
207 8.145637e-12
208 4.904407e-12
209 2.931324e-12
210 8.313350e-09
211 6.409824e-09
212 4.827964e-09
213 3.540489e-09
214 2.522949e-09
215 1.772517e-09
216 1.248502e-09
217 8.830422e-10
218 6.302144e-10
219 4.534318e-10
220 3.272585e-10
221 2.349495e-10
222 1.664639e-10
223 1.155729e-10
224 7.828236e-11
225 5.160754e-11
226 3.308442e-11
227 2.066843e-11
228 1.267203e-11
229 7.658750e-12
230 4.581825e-12
231 1.050066e-08
232 8.176939e-09
233 6.216338e-09
234 4.609635e-09
235 3.317637e-09
236 2.334572e-09
237 1.639197e-09
238 1.155050e-09
239 8.195763e-10
240 5.871242e-10
241 4.230430e-10
242 3.044339e-10
243 2.169223e-10
244 1.519720e-10
245 1.040504e-10
246 6.940628e-11
247 4.503546e-11
248 2.843466e-11
249 1.756861e-11
250 1.067941e-11
251 6.406233e-12
252 1.179683e-08
253 9.233099e-09
254 7.049842e-09
255 5.253156e-09
256 3.799514e-09
257 2.678929e-09
258 1.878451e-09
259 1.321551e-09
260 9.353677e-10
261 6.685726e-10
262 4.811783e-10
263 3.463915e-10
264 2.473705e-10
265 1.739256e-10
266 1.196645e-10
267 8.023097e-11
268 5.233688e-11
269 3.322089e-11
270 2.061177e-11
271 1.256562e-11
272 7.549294e-12
273 1.267552e-08
274 9.948748e-09
275 7.615094e-09
276 5.690328e-09
277 4.127115e-09
278 2.912924e-09
279 2.041347e-09
280 1.434831e-09
281 1.014150e-09
282 7.239930e-10
283 5.207545e-10
284 3.749765e-10
285 2.681500e-10
286 1.888970e-10
287 1.302806e-10
288 8.761299e-11
289 5.732163e-11
290 3.647551e-11
291 2.268300e-11
292 1.385192e-11
293 8.329712e-12
294 1.333576e-08
295 1.048654e-08
296 8.038952e-09
297 6.018407e-09
298 4.372688e-09
299 3.088302e-09
300 2.163429e-09
301 1.520065e-09
302 1.073225e-09
303 7.654786e-10
304 5.503066e-10
305 3.963137e-10
306 2.836125e-10
307 2.000668e-10
308 1.382478e-10
309 9.314601e-11
310 6.105422e-11
311 3.892468e-11
312 2.423594e-11
313 1.481774e-11
314 8.915238e-12
315 1.386932e-08
316 1.092145e-08
317 8.382504e-09
318 6.283520e-09
319 4.571655e-09
320 3.230710e-09
321 2.262625e-09
322 1.588972e-09
323 1.121143e-09
324 7.991340e-10
325 5.743178e-10
326 4.136745e-10
327 2.962172e-10
328 2.091750e-10
329 1.446845e-10
330 9.761607e-11
331 6.408627e-11
332 4.089960e-11
333 2.549911e-11
334 1.560132e-11
335 9.392637e-12
336 1.433546e-08
337 1.130103e-08
338 8.682686e-09
339 6.515030e-09
340 4.744938e-09
341 3.355216e-09
342 2.348643e-09
343 1.649399e-09
344 1.162896e-09
345 8.286561e-10
346 5.952508e-10
347 4.288047e-10
348 3.071735e-10
349 2.170812e-10
350 1.503005e-10
351 1.015351e-10
352 6.672767e-11
353 4.263191e-11
354 2.660186e-11
355 1.628340e-11
356 9.805273e-12
357 1.477828e-08
358 1.166182e-08
359 8.967611e-09
360 6.735636e-09
361 4.910051e-09
362 3.472397e-09
363 2.430910e-09
364 1.706146e-09
365 1.202532e-09
366 8.564723e-10
367 6.151971e-10
368 4.432234e-10
369 3.176441e-10
370 2.245964e-10
371 1.556700e-10
372 1.052333e-10
373 6.923569e-11
374 4.427486e-11
375 2.764396e-11
376 1.693000e-11
377 1.019617e-11
378 1.529458e-08
379 1.208198e-08
380 9.299245e-09
381 6.991335e-09
382 5.102348e-09
383 3.610150e-09
384 2.526377e-09
385 1.772964e-09
386 1.248932e-09
387 8.889847e-10
388 6.383611e-10
389 4.599109e-10
390 3.297595e-10
391 2.333690e-10
392 1.618866e-10
393 1.095548e-10
394 7.214153e-11
395 4.618048e-11
396 2.885839e-11
397 1.768466e-11
398 1.065579e-11
399 1.424413e-08
400 1.127139e-08
401 8.679195e-09
402 6.530766e-09
403 4.781566e-09
404 3.395146e-09
405 2.375891e-09
406 1.667799e-09
407 1.174026e-09
408 8.344863e-10
409 5.982299e-10
410 4.303123e-10
411 3.082426e-10
412 2.181411e-10
413 1.514504e-10
414 1.026577e-10
415 6.774537e-11
416 4.348510e-11
417 2.724134e-11
418 1.673184e-11
419 1.009750e-11
420 1.673757e-08
421 1.337187e-08
422 1.037095e-08
423 7.857383e-09
424 5.801584e-09
425 4.151364e-09
426 2.905865e-09
427 2.034684e-09
428 1.428403e-09
429 1.010467e-09
430 7.217224e-10
431 5.184554e-10
432 3.718606e-10
433 2.642130e-10
434 1.845957e-10
435 1.260958e-10
436 8.393457e-11
437 5.434515e-11
438 3.431369e-11
439 2.121106e-11
440 1.286046e-11
441 1.847705e-08
442 1.484894e-08
443 1.156326e-08
444 8.795836e-09
445 6.524851e-09
446 4.688414e-09
447 3.285434e-09
448 2.297185e-09
449 1.610473e-09
450 1.136324e-09
451 8.098279e-10
452 5.811598e-10
453 4.170175e-10
454 2.968776e-10
455 2.081140e-10
456 1.427682e-10
457 9.546908e-11
458 6.211240e-11
459 3.938771e-11
460 2.443863e-11
461 1.485926e-11
462 1.978723e-08
463 1.595591e-08
464 1.246167e-08
465 9.500583e-09
466 7.070177e-09
467 5.094099e-09
468 3.571932e-09
469 2.495479e-09
470 1.747663e-09
471 1.231325e-09
472 8.763409e-10
473 6.284087e-10
474 4.510728e-10
475 3.215253e-10
476 2.258432e-10
477 1.553239e-10
478 1.041764e-10
479 6.798356e-11
480 4.322245e-11
481 2.687867e-11
482 1.636907e-11
483 2.085399e-08
484 1.685867e-08
485 1.319250e-08
486 1.007569e-08
487 7.511558e-09
488 5.423352e-09
489 3.804615e-09
490 2.656842e-09
491 1.859285e-09
492 1.308339e-09
493 9.303708e-10
494 6.668651e-10
495 4.787709e-10
496 3.415554e-10
497 2.402246e-10
498 1.655269e-10
499 1.112368e-10
500 7.274147e-11
501 4.633377e-11
502 2.885975e-11
503 1.759778e-11
504 2.178217e-08
505 1.764651e-08
506 1.383012e-08
507 1.057574e-08
508 7.897452e-09
509 5.709638e-09
510 4.007635e-09
511 2.797011e-09
512 1.956780e-09
513 1.375817e-09
514 9.776480e-10
515 7.003139e-10
516 5.028635e-10
517 3.589804e-10
518 2.527858e-10
519 1.744154e-10
520 1.174084e-10
521 7.688564e-11
522 4.905085e-11
523 3.058789e-11
524 1.866544e-11
525 2.265855e-08
526 1.838871e-08
527 1.443135e-08
528 1.104896e-08
529 8.261543e-09
530 5.981884e-09
531 4.199556e-09
532 2.930175e-09
533 2.048989e-09
534 1.439551e-09
535 1.022275e-09
536 7.320564e-10
537 5.256834e-10
538 3.755088e-10
539 2.646598e-10
540 1.828629e-10
541 1.232214e-10
542 8.081876e-11
543 5.162409e-11
544 3.222582e-11
545 1.968222e-11
546 2.368715e-08
547 1.926057e-08
548 1.513765e-08
549 1.160287e-08
550 8.689481e-09
551 6.300959e-09
552 4.424935e-09
553 3.085858e-09
554 2.156714e-09
555 1.514037e-09
556 1.074371e-09
557 7.691685e-10
558 5.523900e-10
559 3.948050e-10
560 2.785571e-10
561 1.926844e-10
562 1.300503e-10
563 8.541289e-11
564 5.462673e-11
565 3.413728e-11
566 2.086881e-11
567 2.040897e-08
568 1.654175e-08
569 1.296734e-08
570 9.911294e-09
571 7.398659e-09
572 5.359516e-09
573 3.769571e-09
574 2.630153e-09
575 1.841623e-09
576 1.294225e-09
577 9.190789e-10
578 6.577189e-10
579 4.717065e-10
580 3.363972e-10
581 2.367179e-10
582 1.632880e-10
583 1.099294e-10
584 7.204244e-11
585 4.601130e-11
586 2.872774e-11
587 1.755550e-11
588 2.314125e-08
589 1.893014e-08
590 1.494850e-08
591 1.148894e-08
592 8.627627e-09
593 6.296350e-09
594 4.450457e-09
595 3.100654e-09
596 2.167733e-09
597 1.518067e-09
598 1.074024e-09
599 7.663922e-10
600 5.491385e-10
601 3.921593e-10
602 2.769734e-10
603 1.921084e-10
604 1.301562e-10
605 8.590570e-11
606 5.525249e-11
607 3.471681e-11
608 2.133312e-11
609 2.523527e-08
610 2.076779e-08
611 1.647726e-08
612 1.270915e-08
613 9.580827e-09
614 7.023530e-09
615 4.980876e-09
616 3.468715e-09
617 2.422302e-09
618 1.693168e-09
619 1.194918e-09
620 8.510393e-10
621 6.092969e-10
622 4.354716e-10
623 3.081712e-10
624 2.144221e-10
625 1.458680e-10
626 9.671016e-11
627 6.246433e-11
628 3.939967e-11
629 2.429378e-11
630 2.693780e-08
631 2.226693e-08
632 1.772206e-08
633 1.370258e-08
634 1.035592e-08
635 7.615966e-09
636 5.413226e-09
637 3.769085e-09
638 2.629878e-09
639 1.835918e-09
640 1.293553e-09
641 9.200305e-10
642 6.583893e-10
643 4.707170e-10
644 3.336068e-10
645 2.326353e-10
646 1.586763e-10
647 1.054866e-10
648 6.834026e-11
649 4.322535e-11
650 2.671221e-11
651 2.842316e-08
652 2.357054e-08
653 1.880908e-08
654 1.457115e-08
655 1.103360e-08
656 8.133558e-09
657 5.791095e-09
658 4.031556e-09
659 2.811293e-09
660 1.961055e-09
661 1.379813e-09
662 9.803034e-10
663 7.012363e-10
664 5.015633e-10
665 3.558470e-10
666 2.485127e-10
667 1.698507e-10
668 1.131675e-10
669 7.348195e-11
670 4.656225e-11
671 2.882250e-11
672 2.982564e-08
673 2.480477e-08
674 1.983563e-08
675 1.539255e-08
676 1.167449e-08
677 8.623991e-09
678 6.148029e-09
679 4.279718e-09
680 2.982464e-09
681 2.078564e-09
682 1.461024e-09
683 1.037208e-09
684 7.417520e-10
685 5.306847e-10
686 3.768397e-10
687 2.635784e-10
688 1.804439e-10
689 1.204216e-10
690 7.831987e-11
691 4.971580e-11
692 3.081390e-11
693 3.147694e-08
694 2.625302e-08
695 2.104185e-08
696 1.635159e-08
697 1.242498e-08
698 9.195505e-09
699 6.566267e-09
700 4.569793e-09
701 3.183377e-09
702 2.216558e-09
703 1.556365e-09
704 1.103966e-09
705 7.891766e-10
706 5.647426e-10
707 4.014057e-10
708 2.811211e-10
709 1.927834e-10
710 1.289090e-10
711 8.400942e-11
712 5.341059e-11
713 3.315407e-11
714 2.686396e-08
715 2.226357e-08
716 1.776384e-08
717 1.375794e-08
718 1.040808e-08
719 7.670038e-09
720 5.470323e-09
721 3.812231e-09
722 2.658194e-09
723 1.855431e-09
724 1.305427e-09
725 9.270796e-10
726 6.626173e-10
727 4.734183e-10
728 3.355508e-10
729 2.341725e-10
730 1.599551e-10
731 1.065432e-10
732 6.918734e-11
733 4.386534e-11
734 2.717577e-11
735 2.983882e-08
736 2.494776e-08
737 2.005536e-08
738 1.561844e-08
739 1.187317e-08
740 8.802594e-09
741 6.318309e-09
742 4.410820e-09
743 3.069219e-09
744 2.139208e-09
745 1.499160e-09
746 1.061140e-09
747 7.567792e-10
748 5.406122e-10
749 3.838225e-10
750 2.688200e-10
751 1.845472e-10
752 1.236726e-10
753 8.080547e-11
754 5.153514e-11
755 3.210743e-11
756 3.228457e-08
757 2.716523e-08
758 2.195325e-08
759 1.716253e-08
760 1.308909e-08
761 9.743610e-09
762 7.024057e-09
763 4.911080e-09
764 3.412831e-09
765 2.376352e-09
766 1.661046e-09
767 1.173075e-09
768 8.353024e-10
769 5.964638e-10
770 4.239577e-10
771 2.976381e-10
772 2.049993e-10
773 1.378847e-10
774 9.047219e-11
775 5.793841e-11
776 3.623188e-11
777 3.442366e-08
778 2.910331e-08
779 2.361007e-08
780 1.851307e-08
781 1.415302e-08
782 1.056641e-08
783 7.641858e-09
784 5.348661e-09
785 3.713869e-09
786 2.583816e-09
787 1.802760e-09
788 1.271158e-09
789 9.041046e-10
790 6.453946e-10
791 4.590938e-10
792 3.228192e-10
793 2.228732e-10
794 1.503384e-10
795 9.894847e-11
796 6.354039e-11
797 3.983900e-11
798 3.644923e-08
799 3.093963e-08
800 2.518503e-08
801 1.979558e-08
802 1.516458e-08
803 1.134983e-08
804 8.228269e-09
805 5.765389e-09
806 3.999277e-09
807 2.781270e-09
808 1.937386e-09
809 1.364073e-09
810 9.692973e-10
811 6.918425e-10
812 4.924234e-10
813 3.467775e-10
814 2.398911e-10
815 1.621774e-10
816 1.069827e-10
817 6.886352e-11
818 4.326864e-11
819 3.882077e-08
820 3.308711e-08
821 2.701955e-08
822 2.128879e-08
823 1.634219e-08
824 1.226090e-08
825 8.912638e-09
826 6.250000e-09
827 4.332706e-09
828 3.011036e-09
829 2.094302e-09
830 1.472602e-09
831 1.045366e-09
832 7.459158e-10
833 5.313097e-10
834 3.746572e-10
835 2.596890e-10
836 1.759424e-10
837 1.163636e-10
838 7.507119e-11
839 4.726757e-11
840 3.371074e-08
841 2.852387e-08
842 2.316811e-08
843 1.818468e-08
844 1.390817e-08
845 1.038615e-08
846 7.522764e-09
847 5.277290e-09
848 3.662867e-09
849 2.549571e-09
850 1.777740e-09
851 1.252559e-09
852 8.899822e-10
853 6.347939e-10
854 4.512195e-10
855 3.172098e-10
856 2.190373e-10
857 1.478515e-10
858 9.738603e-11
859 6.261312e-11
860 3.931693e-11
861 3.699853e-08
862 3.157476e-08
863 2.584436e-08
864 2.040719e-08
865 1.567831e-08
866 1.176614e-08
867 8.575871e-09
868 6.042492e-09
869 4.189130e-09
870 2.912318e-09
871 2.024647e-09
872 1.421786e-09
873 1.006974e-09
874 7.172238e-10
875 5.100279e-10
876 3.593730e-10
877 2.490903e-10
878 1.689319e-10
879 1.118977e-10
880 7.235842e-11
881 4.568853e-11
882 3.989655e-08
883 3.426830e-08
884 2.821296e-08
885 2.238157e-08
886 1.725071e-08
887 1.299205e-08
888 9.512767e-09
889 6.724249e-09
890 4.659671e-09
891 3.236044e-09
892 2.245248e-09
893 1.572635e-09
894 1.111596e-09
895 7.906614e-10
896 5.623410e-10
897 3.968042e-10
898 2.757684e-10
899 1.876866e-10
900 1.248213e-10
901 8.102860e-11
902 5.136751e-11
903 4.264252e-08
904 3.682665e-08
905 3.046384e-08
906 2.425103e-08
907 1.874543e-08
908 1.415858e-08
909 1.040204e-08
910 7.373387e-09
911 5.106623e-09
912 3.544349e-09
913 2.455015e-09
914 1.715987e-09
915 1.210768e-09
916 8.604488e-10
917 6.119944e-10
918 4.324025e-10
919 3.011529e-10
920 2.055250e-10
921 1.371092e-10
922 8.928055e-11
923 5.677008e-11
924 4.585646e-08
925 3.981589e-08
926 3.309210e-08
927 2.643726e-08
928 2.048935e-08
929 1.551806e-08
930 1.144115e-08
931 8.129643e-09
932 5.628880e-09
933 3.903355e-09
934 2.699727e-09
935 1.883511e-09
936 1.326583e-09
937 9.418044e-10
938 6.700021e-10
939 4.739445e-10
940 3.307464e-10
941 2.262832e-10
942 1.514093e-10
943 9.892666e-11
944 6.307513e-11
945 4.117416e-08
946 3.552807e-08
947 2.938309e-08
948 2.339686e-08
949 1.808622e-08
950 1.365285e-08
951 1.003002e-08
952 7.119855e-09
953 4.937398e-09
954 3.425244e-09
955 2.374828e-09
956 1.659575e-09
957 1.170250e-09
958 8.310063e-10
959 5.905738e-10
960 4.169015e-10
961 2.901609e-10
962 1.979205e-10
963 1.320071e-10
964 8.599260e-11
965 5.470628e-11
966 4.494884e-08
967 3.911789e-08
968 3.261674e-08
969 2.614628e-08
970 2.031180e-08
971 1.540169e-08
972 1.137977e-08
973 8.125471e-09
974 5.642040e-09
975 3.906690e-09
976 2.704562e-09
977 1.882659e-09
978 1.323024e-09
979 9.371397e-10
980 6.654221e-10
981 4.701808e-10
982 3.281268e-10
983 2.247575e-10
984 1.506683e-10
985 9.867748e-11
986 6.312277e-11
987 4.854985e-08
988 4.255434e-08
989 3.571527e-08
990 2.878687e-08
991 2.245108e-08
992 1.708293e-08
993 1.267670e-08
994 9.094029e-09
995 6.321345e-09
996 4.370940e-09
997 3.022879e-09
998 2.097850e-09
999 1.470138e-09
1000 1.039262e-09
1001 7.373915e-10
1002 5.214401e-10
1003 3.646648e-10
1004 2.505538e-10
1005 1.685924e-10
1006 1.108749e-10
1007 7.122828e-11
1008 5.276070e-08
1009 4.656225e-08
1010 3.932830e-08
1011 3.186342e-08
1012 2.494615e-08
1013 1.904370e-08
1014 1.419141e-08
1015 1.022470e-08
1016 7.115343e-09
1017 4.914003e-09
1018 3.394281e-09
1019 2.349228e-09
1020 1.642215e-09
1021 1.158577e-09
1022 8.214267e-10
1023 5.812205e-10
1024 4.072605e-10
1025 2.806250e-10
1026 1.895134e-10
1027 1.251323e-10
1028 8.069016e-11
1029 4.969878e-08
1030 4.372438e-08
1031 3.685147e-08
1032 2.981829e-08
1033 2.332623e-08
1034 1.778676e-08
1035 1.323246e-08
1036 9.528583e-09
1037 6.643767e-09
1038 4.588816e-09
1039 3.173330e-09
1040 2.197610e-09
1041 1.537073e-09
1042 1.084228e-09
1043 7.681370e-10
1044 5.428404e-10
1045 3.798005e-10
1046 2.613424e-10
1047 1.762495e-10
1048 1.162346e-10
1049 7.490591e-11
1050 5.434144e-08
1051 4.824872e-08
1052 4.102842e-08
1053 3.346211e-08
1054 2.633467e-08
1055 2.017411e-08
1056 1.508789e-08
1057 1.093947e-08
1058 7.657747e-09
1059 5.281450e-09
1060 3.648693e-09
1061 2.517427e-09
1062 1.753861e-09
1063 1.232662e-09
1064 8.713671e-10
1065 6.156186e-10
1066 4.314737e-10
1067 2.978838e-10
1068 2.018066e-10
1069 1.338099e-10
1070 8.673859e-11
1071 5.978900e-08
1072 5.355199e-08
1073 4.592987e-08
1074 3.774043e-08
1075 2.987289e-08
1076 2.298420e-08
1077 1.727497e-08
1078 1.260172e-08
1079 8.855755e-09
1080 6.101156e-09
1081 4.209804e-09
1082 2.895406e-09
1083 2.010141e-09
1084 1.407879e-09
1085 9.931120e-10
1086 7.013710e-10
1087 4.922632e-10
1088 3.408836e-10
1089 2.318903e-10
1090 1.545327e-10
1091 1.006785e-10
1092 6.025006e-08
1093 5.411390e-08
1094 4.656300e-08
1095 3.839704e-08
1096 3.048724e-08
1097 2.350815e-08
1098 1.769591e-08
1099 1.294483e-08
1100 9.134633e-09
1101 6.298880e-09
1102 4.343091e-09
1103 2.986171e-09
1104 2.069020e-09
1105 1.445839e-09
1106 1.017704e-09
1107 7.176313e-10
1108 5.033586e-10
1109 3.486495e-10
1110 2.374425e-10
1111 1.585043e-10
1112 1.035468e-10
1113 6.734811e-08
1114 6.117756e-08
1115 5.326106e-08
1116 4.440272e-08
1117 3.557348e-08
1118 2.761056e-08
1119 2.091335e-08
1120 1.542146e-08
1121 1.096968e-08
1122 7.573922e-09
1123 5.210099e-09
1124 3.574112e-09
1125 2.462472e-09
1126 1.711234e-09
1127 1.199313e-09
1128 8.437010e-10
1129 5.918376e-10
1130 4.109951e-10
1131 2.811672e-10
1132 1.888539e-10
1133 1.242271e-10
1134 7.705372e-08
1135 7.107948e-08
1136 6.291954e-08
1137 5.333072e-08
1138 4.335964e-08
1139 3.403104e-08
1140 2.600378e-08
1141 1.937957e-08
1142 1.397583e-08
1143 9.725538e-09
1144 6.668685e-09
1145 4.568473e-09
1146 3.122067e-09
1147 2.151565e-09
1148 1.494982e-09
1149 1.044934e-09
1150 7.307579e-10
1151 5.078581e-10
1152 3.488773e-10
1153 2.359686e-10
1154 1.567083e-10
